1.1062694708
1.1023560140
1.0970348390
1.1050025244
1.1004696716
1.1048617525
1.1072267192
1.1068888668
1.1128575923
1.1087752093
1.1036792692
1.1080713502
1.1074801085
1.1043549740
1.1048054438
1.1066073232
1.0973445370
1.1076771891
1.1046365176
1.1052277593
1.1090004442
1.0965562148
1.1097043034
1.1082121220
1.1066354776
1.1107178605
1.1007793696
1.0939378589
1.0900244021
1.1110275585
1.1077616522
1.1016240006
1.1155885657
1.1051714506
1.1082402764
1.1079305784
1.1100984645
1.1093946053
1.1047772895
1.1031443363
1.1015958462
1.1015676918
1.1097887665
1.1117877264
1.1131672903
1.1066354776
1.1014832287
1.0941912481
1.1042423565
1.0949514160
1.1054529942
1.1081558133
1.1006949065
1.1026657121
1.1015958462
1.1123508137
1.1029754101
1.1127731292
1.0980483962
1.1105770887
1.1069451756
1.0996250406
1.1095072228
1.1120129613
1.1131109815
1.1068888668
1.0933747716
1.1049180613
1.1075645716
1.1066917863
1.1189670895
1.1023560140
1.1023841684
1.1050306787
1.1009482958
1.1028346383
1.1033977256
1.0983862486
1.1004133629
1.0966688323
1.0993716513
1.1004133629
1.1019055442
1.0982454767
1.1046646720
1.1096479946
1.1008075240
1.1100421557
1.1048617525
1.1030317188
1.0914884291
1.1076771891
1.1095635315
1.1046646720
1.1077616522
1.1065791688
1.1008356783
1.0974853089
1.1108304780
1.1014832287
1.1077898065
1.1077616522
1.1129983641
1.1055093029
1.1044394371
1.1053122224
1.1033414168
1.1087752093
1.0937689327
1.1047772895
1.0955989664
1.1019618529
1.1108023236
1.1065510145
1.0956834295
1.1018492355
1.1021589335
1.1110838673
1.1025249402
1.1078179609
1.1045239002
1.1009764502
1.1125197399
1.1039045041
1.1023560140
1.1161516530
1.1002444367
1.0933466172
1.0987522553
1.0961338993
1.1068888668
1.0955989664
1.1032569537
1.0958805101
1.1021870879
1.1107460149
1.1008919871
1.1072830280
1.1112809478
1.1097324577
1.1053966855
1.1006385978
1.0967251410
1.1004696716
1.1044112827
1.1026094033
1.1104926256
1.1045802089
1.1075927260
1.1081839676
1.1149410153
1.1050025244
1.0998502755
1.1050306787
1.1053966855
1.1058471553
1.0982173224
1.0948387985
1.1054248399
1.1036229605
1.1035384974
1.1043549740
1.1054811486
1.0939660132
1.1121537331
1.0995405775
1.1105489343
1.1092819879
1.1029472557
1.0968940672
1.1083528938
1.1104363169
1.1027783295
1.1090567530
1.1076771891
1.1068888668
1.1075645716
1.0990619533
1.0977105438
1.0936281608
1.1005822890
1.1044957458
1.1027501752
1.1004696716
1.1030880275
1.1051714506
1.1020463160
1.0985551747
1.1082121220
1.0969222216
1.1116188002
1.0923612144
1.1068044037
1.1033414168
1.1014832287
1.1058471553
1.1020181617
1.1035384974
1.0929524561
1.0978231613
1.0932339997
1.1010890676
1.0984425573
1.1075645716
1.0963309799
1.1016521549
1.0976823894
1.1055374573
1.1014550744
1.1048054438
1.1068607125
1.0957960470
1.1106615518
1.0989493359
1.1041297391
1.1012016851
1.1119566526
1.1122945050
1.1104926256
1.0945009462
1.1091412161
1.1023841684
1.0980483962
1.1028346383
1.1035384974
1.1003852085
1.1020463160
1.0913476573
1.0961620537
1.0991745708
1.0973445370
1.0996250406
1.0955708120
1.1055937660
1.1040452760
1.0972882283
1.1069733299
1.1015395375
1.0976260807
1.0984425573
1.1018773898
1.0951766509
1.0972037652
1.0961902081
1.1013706113
1.1021307791
1.1013424569
1.1013987656
1.1008075240
1.1050869875
1.1046646720
1.0982736311
1.1022152422
1.1033695712
1.0918544358
1.1058190010
1.1103518538
1.1032287994
1.1048335982
1.1091130617
1.0969503759
1.0955145033
1.0896020866
1.0950921878
1.0911505767
1.0968659128
1.0926709124
1.0981610136
1.1070859474
1.0961902081
1.0909534962
1.0973445370
1.1004696716
1.0910379592
1.1046083633
1.1070577930
1.0985833291
1.0931495366
1.1022433966
1.1027783295
1.1070577930
1.0955426577
1.0934592347
1.0986959466
1.0926990668
1.0881943684
1.0975697720
1.0997658125
1.0968940672
1.1060442359
1.0901370196
1.1017366180
1.1044394371
1.0976542351
1.0995124232
1.1079587327
1.0943320200
1.0875186636
1.0972319196
1.1031443363
1.1057063835
1.1021589335
1.0972882283
1.0971756109
1.0908690331
1.0990056446
1.0933184628
1.1028064839
1.0972037652
1.0975134632
1.1009201414
1.1056500748
1.0988648728
1.1004415172
1.0989493359
1.0968377585
1.0935155434
1.0913758116
1.0946135636
1.0890671537
1.1069451756
1.0984988660
1.0907282612
1.0895176235
1.0996813494
1.0963591343
1.0960494362
1.0946135636
1.0916010466
1.1054529942
1.0987804097
1.0840556767
1.0953737315
1.0924456775
1.0959368188
1.0933184628
1.1006667521
1.1076208803
1.1089722899
1.0999347386
1.0905593350
1.0844779922
1.0946417180
1.0945854093
1.0881662140
1.1035384974
1.0964999061
1.0941067851
1.0981047049
1.1011172220
1.0814091664
1.0879972878
1.0948669529
1.0990901077
1.0957960470
1.0989774902
1.0913758116
1.0964435974
1.0899117846
1.1033414168
1.0961057450
1.0935718521
1.0867303414
1.0865332608
1.0900525565
1.0927553755
1.0993153426
1.0883914489
1.0951766509
1.0858857104
1.0958523557
1.0946135636
1.1012579938
1.0879128247
1.0943883287
1.0969785303
1.0918544358
1.0894894692
1.0913195029
1.0905874894
1.0870681938
1.0930087648
1.0955145033
1.0968940672
1.0860827910
1.0887574557
1.0863361803
1.0915447378
1.0915728922
1.0915728922
1.0905030263
1.0925582950
1.0935155434
1.0851536969
1.0934310803
1.0982736311
1.0891797711
1.0952611140
1.0920796708
1.1003288998
1.0923612144
1.0856886299
1.0785937298
1.0911787311
1.0884759120
1.0892923886
1.0995968863
1.0908690331
1.0814654751
1.0963872886
1.0919670533
1.0996813494
1.0988085640
1.0885322207
1.0934310803
1.1051151418
1.0876031267
1.0970066847
1.0893768517
1.0870681938
1.0893205430
1.0858857104
1.0835207437
1.0892360799
1.0924738319
1.0831547370
1.0843935291
1.0956552751
1.0867021870
1.0821411799
1.0966688323
1.0934873890
1.0890389993
1.0852944688
1.0897428585
1.0774957096
1.0867303414
1.0834644350
1.0961902081
1.0881943684
1.0854070862
1.0866458783
1.0859983279
1.0839712136
1.0825634953
1.0794946695
1.0916573553
1.0867021870
1.0912350398
1.0883351402
1.1010890676
1.0770170854
1.0907282612
1.0921078251
1.0914321204
1.0785937298
1.0882788315
1.0884759120
1.0872371199
1.0912068854
1.0881662140
1.0894331604
1.0849284620
1.0845343009
1.0778617163
1.0806489985
1.0850129251
1.0898273215
1.0767636961
1.0921078251
1.0931495366
1.0862798715
1.0809305422
1.0846469184
1.0926427581
1.0820285624
1.0839430592
1.0811839314
1.0826198041
1.0906156438
1.0780587969
1.0985833291
1.0939941676
1.0884759120
1.0813247033
1.0790441997
1.0674446012
1.0881662140
1.0853226231
1.0900807108
1.0809305422
1.0807616160
1.0797480588
1.0818877906
1.0812965489
1.0825634953
1.0821974886
1.0877438985
1.0858294017
1.0860264822
1.0863080259
1.0831265826
1.0818596362
1.0844216834
1.0874623549
1.0820285624
1.0935718521
1.0871526569
1.0903341001
1.0863924890
1.0679232254
1.0861109453
1.0861109453
1.0793538977
1.0843090660
1.0797762132
1.0922204426
1.0896583954
1.0820848711
1.0805082267
1.0763976894
1.0787063473
1.0789597366
1.0874905092
1.0862235628
1.0845906096
1.0804800723
1.0766229243
1.0858012473
1.0810713140
1.0791005084
1.0798888306
1.0858575561
1.0906156438
1.0930087648
1.0709075881
1.0859701735
1.0836333612
1.0839149049
1.0731036286
1.0747365818
1.0920515164
1.0800296025
1.0820848711
1.0811557771
1.0783121862
1.0777490989
1.0768763136
1.0911787311
1.0763976894
1.0828450390
1.0764258437
1.0779461794
1.0781151056
1.0762850719
1.0768200048
1.0765384612
1.0886448382
1.0800859112
1.0943038656
1.0803393005
1.0814373207
1.0802548374
1.0853507775
1.0769044679
1.0827042672
1.0847876902
1.0754122866
1.0771015485
1.0813247033
1.0868429588
1.0857167842
1.0810150052
1.0656708762
1.0772704747
1.0749055080
1.0793820521
1.0757219846
1.0737511790
1.0823945691
1.0777209445
1.0817188644
1.0680358429
1.0809868509
1.0714706755
1.0798606763
1.0785655755
1.0796635957
1.0828731933
1.0704852727
1.0747365818
1.0679232254
1.0800859112
1.0831265826
1.0691620175
1.0710202056
1.0678669167
1.0690775544
1.0781714144
1.0844216834
1.0776927902
1.0776927902
1.0767918505
1.0736104072
1.0748491993
1.0742861120
1.0836615156
1.0754404409
1.0758909108
1.0735822528
1.0768763136
1.0731036286
1.0875749723
1.0748491993
1.0694154068
1.0835770525
1.0744831925
1.0797762132
1.0826761128
1.0701474203
1.0742298032
1.0813810120
1.0792975890
1.0829576564
1.0670785945
1.0774112465
1.0659524199
1.0810150052
1.0762287632
1.0741453401
1.0807053072
1.0677824536
1.0723716151
1.0746802731
1.0731036286
1.0700066485
1.0655582588
1.0819159449
1.0623768155
1.0701474203
1.0667125877
1.0700911116
1.0832110457
1.0743987294
1.0715551385
1.0718366822
1.0680358429
1.0718366822
1.0767636961
1.0714988298
1.0755812128
1.0684863127
1.0756375215
1.0714988298
1.0779461794
1.0734696354
1.0652204064
1.0694998699
1.0789315822
1.0768200048
1.0698095679
1.0799451394
1.0758064477
1.0630806746
1.0724560782
1.0699221854
1.0756093671
1.0704289639
1.0765103068
1.0651640977
1.0693590981
1.0709920512
1.0779180251
1.0721182259
1.0823945691
1.0766792330
1.0687115477
1.0713299036
1.0669941314
1.0818033275
1.0785092667
1.0716114473
1.0766510786
1.0617574195
1.0724560782
1.0743424207
1.0702318834
1.0733007092
1.0653048695
1.0712735949
1.0630243659
1.0681203060
1.0621515806
1.0670222858
1.0741171858
1.0648543996
1.0616166476
1.0692183262
1.0778054076
1.0601244663
1.0648543996
1.0623768155
1.0637000707
1.0624049699
1.0670504401
1.0742861120
1.0708794338
1.0602652381
1.0600118488
1.0702600377
1.0733288636
1.0639253056
1.0698377223
1.0614195671
1.0646010103
1.0645728560
1.0667970508
1.0653893326
1.0689367826
1.0602933925
1.0682047691
1.0627146679
1.0626583592
1.0606593992
1.0637282250
1.0623768155
1.0594769159
1.0647980909
1.0657553393
1.0759753739
1.0637845338
1.0660087286
1.0557886940
1.0676979905
1.0785655755
1.0726531588
1.0582944326
1.0640942318
1.0657834937
1.0680076885
1.0606875536
1.0548032913
1.0606875536
1.0608846341
1.0624612786
1.0676698362
1.0607720167
1.0736104072
1.0644602385
1.0588856742
1.0622923524
1.0579847345
1.0552256067
1.0581536607
1.0576187278
1.0691338631
1.0653048695
1.0675572187
1.0639534600
1.0545217476
1.0577031909
1.0629962115
1.0579565802
1.0548596000
1.0519878548
1.0478491631
1.0608001711
1.0528324857
1.0617011107
1.0483277873
1.0628272853
1.0618418826
1.0617574195
1.0521849353
1.0544091302
1.0606312449
1.0658116481
1.0586322849
1.0613632584
1.0666562790
1.0627991310
1.0490598008
1.0629962115
1.0560139290
1.0640942318
1.0575905734
1.0530577206
1.0608001711
1.0526354051
1.0635311445
1.0533111099
1.0572808754
1.0580973520
1.0651359433
1.0475113107
1.0581255064
1.0511713782
1.0657271850
1.0580128889
1.0543528214
1.0613351040
1.0571964123
1.0568585599
1.0516218480
1.0603778556
1.0695280243
1.0630806746
1.0622641980
1.0589982917
1.0647699365
1.0540994321
1.0535363448
1.0562673183
1.0659524199
1.0595332246
1.0553945329
1.0560983921
1.0602933925
1.0564925532
1.0521004722
1.0584070500
1.0566896337
1.0553382242
1.0513684587
1.0618981913
1.0535644992
1.0469482234
1.0517626198
1.0617011107
1.0626583592
1.0485811766
1.0457657400
1.0464414448
1.0594769159
1.0562110095
1.0602652381
1.0610817147
1.0608846341
1.0554789960
1.0505238278
1.0548877544
1.0490316464
1.0593924528
1.0593079897
1.0527198682
1.0485530222
1.0472860758
1.0555071504
1.0530858750
1.0485530222
1.0528887944
1.0577876540
1.0461035924
1.0587449024
1.0588293655
1.0580128889
1.0414581222
1.0469482234
1.0554226873
1.0500170492
1.0617292651
1.0522130897
1.0443298674
1.0457375857
1.0552537611
1.0540712778
1.0513403044
1.0598710770
1.0464132904
1.0544654389
1.0572808754
1.0461317468
1.0538741972
1.0535081905
1.0482714785
1.0552537611
1.0473705389
1.0543528214
1.0362495646
1.0515092305
1.0614477214
1.0508616801
1.0453997333
1.0583507413
1.0508335258
1.0421619813
1.0519315460
1.0397407059
1.0440201694
1.0504393647
1.0535081905
1.0449492635
1.0491724182
1.0586604393
1.0463288274
1.0490034920
1.0446958742
1.0560702377
1.0416833571
1.0468637603
1.0542402040
1.0444706392
1.0486937940
1.0515092305
1.0499044317
1.0490879551
1.0562391639
1.0415707396
1.0499888948
1.0372631218
1.0462443643
1.0443017131
1.0479054718
1.0528324857
1.0506082909
1.0524664790
1.0395436253
1.0494821163
1.0480462436
1.0470889952
1.0437667801
1.0469763777
1.0422182900
1.0548314456
1.0476520825
1.0481588611
1.0446395654
1.0482151698
1.0459065119
1.0412891960
1.0435415452
1.0448084916
1.0433163103
1.0394591622
1.0367563432
1.0490316464
1.0351233900
1.0485248678
1.0452871158
1.0462162099
1.0419649007
1.0396843972
1.0424153706
1.0279721813
1.0450055722
1.0420493638
1.0361932559
1.0469763777
1.0453715789
1.0408105718
1.0489190289
1.0332370475
1.0439357063
1.0376572829
1.0431755385
1.0378543634
1.0414299678
1.0411202698
1.0418241289
1.0365311083
1.0392902361
1.0428939948
1.0400785583
1.0377980547
1.0411765785
1.0416833571
1.0422182900
1.0480462436
1.0405290281
1.0415707396
1.0384737595
1.0359398666
1.0467229885
1.0396280884
1.0411765785
1.0501859754
1.0369534237
1.0432318472
1.0379106722
1.0390368468
1.0424716793
1.0370378868
1.0401911757
1.0446677198
1.0422745988
1.0397125515
1.0412047329
1.0379106722
1.0377980547
1.0446958742
1.0406979543
1.0344476852
1.0324768797
1.0314070138
1.0414581222
1.0392620817
1.0393465448
1.0370660412
1.0274654027
1.0361087928
1.0387271488
1.0483559416
1.0302245305
1.0486937940
1.0252975166
1.0346447658
1.0466385254
1.0363340277
1.0353767793
1.0323079535
1.0320545642
1.0306750003
1.0316322487
1.0345321483
1.0397125515
1.0412047329
1.0436823170
1.0459909750
1.0358272491
1.0384456051
1.0364184908
1.0372912761
1.0349544638
1.0328710408
1.0483277873
1.0318011749
1.0384456051
1.0465259079
1.0298022150
1.0320827186
1.0336593630
1.0308720809
1.0326739602
1.0471734583
1.0408950349
1.0312943963
1.0276906376
1.0355738599
1.0410639611
1.0390086924
1.0382766789
1.0365029539
1.0298866781
1.0324768797
1.0309565440
1.0426969142
1.0259450670
1.0323361079
1.0323361079
1.0351515444
1.0268460066
1.0328710408
1.0297459063
1.0282537249
1.0332652019
1.0335185912
1.0291828190
1.0275780201
1.0300274499
1.0372912761
1.0356583229
1.0226228519
1.0353486249
1.0247062749
1.0261984563
1.0299148325
1.0345603027
1.0303653023
1.0334059737
1.0274654027
1.0341661416
1.0446958742
1.0345603027
1.0275780201
1.0231859392
1.0333215106
1.0292954364
1.0350107726
1.0352641618
1.0307031547
1.0354330880
1.0248752011
1.0287041948
1.0264799999
1.0298303694
1.0291546646
1.0257761408
1.0291828190
1.0285915773
1.0370097325
1.0282255705
1.0406979543
1.0316040944
1.0281974162
1.0188501669
1.0242276507
1.0325894971
1.0216937578
1.0271557047
1.0352641618
1.0261703019
1.0274090940
1.0304779198
1.0278032551
1.0276906376
1.0351515444
1.0278877182
1.0312662420
1.0174424487
1.0302808392
1.0300274499
1.0247907380
1.0131629852
1.0171890594
1.0202860396
1.0355175511
1.0267052348
1.0176676836
1.0269304697
1.0234393285
1.0275498658
1.0332370475
1.0225383888
1.0182870796
1.0258606039
1.0257479864
1.0283381880
1.0249878185
1.0216937578
1.0180336904
1.0265926174
1.0218345296
1.0164007372
1.0269023154
1.0328428864
1.0342787591
1.0294643626
1.0238616439
1.0237771808
1.0234674828
1.0272120134
1.0281411074
1.0299711412
1.0240024158
1.0256635233
1.0191598650
1.0265081543
1.0218345296
1.0202015765
1.0226510062
1.0236364090
1.0233267110
1.0280284900
1.0180899991
1.0203986570
1.0235801003
1.0316322487
1.0162599653
1.0171609050
1.0326739602
1.0196947979
1.0267333892
1.0196947979
1.0078418102
1.0197229523
1.0168512070
1.0272964765
1.0201171134
1.0305905372
1.0229888586
1.0279440269
1.0205675832
1.0180899991
1.0215811404
1.0280566444
1.0219189927
1.0259732213
1.0216374491
1.0256635233
1.0277187920
1.0276343289
1.0222286908
1.0220316102
1.0144580860
1.0212995967
1.0304779198
1.0124028173
1.0198918785
1.0177803011
1.0179210729
1.0227636237
1.0171327507
1.0259732213
1.0088272129
1.0170201332
1.0118960387
1.0271838590
1.0117271126
1.0117552669
1.0086019780
1.0262266106
1.0187938582
1.0247344293
1.0136134550
1.0239742614
1.0187375495
1.0165696634
1.0217782209
1.0161755022
1.0158376499
1.0199763415
1.0164007372
1.0248470467
1.0100378506
1.0149085558
1.0191880193
1.0127688241
1.0183433884
1.0082359713
1.0184560058
1.0179492273
1.0149085558
1.0221442277
1.0220597646
1.0261703019
1.0276624832
1.0211306705
1.0170201332
1.0213277511
1.0128532872
1.0037031185
1.0149648645
1.0100941594
1.0169356701
1.0278314094
1.0227073150
1.0169075157
1.0124309717
1.0010284538
1.0112203340
1.0204268114
1.0182589253
1.0124591260
1.0161755022
1.0074758034
1.0145988578
1.0104320118
1.0165133546
1.0151900995
1.0171609050
1.0203141939
1.0170764419
1.0170201332
1.0225946975
1.0046885213
1.0116426495
1.0173579856
1.0105727836
1.0104320118
1.0132756026
1.0221442277
1.0136416094
1.0144017772
1.0165133546
1.0224820800
1.0121775824
1.0086301324
1.0229888586
1.0186530864
1.0303371479
0.9992547288
1.0224820800
1.0084893606
1.0189627844
1.0125435891
1.0098970788
1.0120931193
1.0160347304
1.0105727836
1.0062651657
1.0128532872
1.0135008376
1.0057020784
1.0060117764
1.0056739240
1.0143454685
1.0150493276
1.0046603669
1.0087145955
1.0157813411
1.0113611058
1.0225665431
1.0154153344
1.0152182538
1.0077855014
1.0002119772
1.0084612062
1.0060117764
1.0102349312
1.0151619451
1.0133882201
1.0052797629
1.0087427498
1.0206238919
1.0134163745
1.0180336904
1.0106572467
1.0171609050
1.0091087566
1.0184278515
1.0172172138
1.0087427498
1.0141202336
1.0066311725
1.0072505685
1.0063496288
1.0140920792
0.9975091581
1.0130503677
1.0030555681
1.0078699645
1.0042943601
1.0118397300
1.0080388907
1.0120086562
1.0100096963
1.0073913403
1.0146833209
1.0055331522
1.0056176153
1.0066030181
1.0081796625
1.0038157359
1.0030837224
1.0058428502
1.0160347304
1.0084612062
1.0078136558
1.0078136558
1.0119805018
1.0026895613
1.0081233538
1.0029711050
1.0114174145
1.0029147963
1.0040409709
1.0113047971
1.0082078169
1.0085738237
1.0070534879
1.0060399308
1.0046603669
1.0134163745
1.0001275141
1.0062370113
1.0063496288
1.0072505685
1.0064904006
1.0089398304
1.0066593268
1.0020138566
1.0000993597
1.0035905010
0.9927792248
1.0075039578
0.9982974804
1.0106854010
1.0013944605
1.0073350316
1.0059836221
1.0058146959
0.9922724462
1.0098970788
1.0085456693
1.0086301324
1.0008876820
1.0024080177
1.0093903002
0.9921316744
1.0075602665
1.0156968780
1.0039283534
0.9985790240
0.9913433522
0.9936238557
1.0100941594
1.0076165752
1.0111921796
1.0036186554
1.0001275141
0.9862755664
1.0042943601
1.0115018776
1.0107698641
0.9859658684
0.9923569093
1.0052797629
1.0110795622
0.9958480506
1.0115300320
1.0008032189
1.0044632863
1.0056457697
0.9992828831
0.9953694264
0.9974246950
1.0022672459
1.0029147963
0.9941587887
1.0028866419
0.9901890232
1.0079825820
1.0029992593
1.0062933201
1.0044914407
0.9953131177
0.9985508696
0.9987761046
1.0014226149
1.0046322125
1.0043225145
1.0116708038
0.9919909026
1.0086582867
1.0024080177
0.9922161375
1.0023235546
0.9928636879
0.9978188562
1.0059554677
1.0041817427
0.9993673462
1.0041535883
1.0096999983
0.9942150974
0.9958762050
0.9979877823
0.9982130173
0.9936801645
0.9966926815
0.9935675470
1.0011410712
0.9993955006
0.9982974804
1.0067156356
1.0076447296
0.9954538895
0.9959043593
1.0016760042
0.9927510704
0.9902453319
0.9978751649
0.9906676474
0.9926947617
1.0038157359
0.9965237554
0.9958480506
1.0050263736
0.9964392923
0.9942714061
0.9970305339
1.0004653665
0.9961295942
0.9967771446
0.9989731851
1.0055894609
1.0036468097
0.9931170772
0.9947781847
0.9956228157
0.9916248958
1.0011129169
0.9865289557
0.9899919426
0.9990013395
1.0030274137
0.9955665069
0.9944403323
1.0058710046
0.9886405331
0.9921316744
0.9946092585
1.0034215748
0.9949471109
1.0086019780
1.0005498296
0.9910054998
1.0014789236
1.0032244943
0.9988324133
0.9908647280
0.9937083188
0.9940180169
1.0009721451
0.9881619089
0.9941024800
0.9939053994
0.9986916415
0.9935393926
1.0020420109
0.9935112383
0.9922442919
1.0033652661
0.9936238557
0.9992265744
0.9908365736
0.9990013395
0.9987197958
0.9984382522
0.9995362724
0.9939335538
0.9996770443
1.0040409709
0.9896540903
0.9969179165
0.9982130173
0.9883589895
0.9974246950
1.0035060379
0.9932578490
0.9929199966
0.9911462716
1.0003809034
0.9909210367
0.9938490907
0.9943277149
0.9901890232
0.9896822446
0.9967771446
0.9866415732
0.9891473117
0.9908928823
0.9961014399
0.9979033193
0.9921035200
0.9921598288
0.9894570097
0.9974246950
0.9893162379
0.9864444926
0.9899074795
0.9911744260
0.9964674466
0.9905550299
0.9937927819
0.9866415732
0.9973965407
0.9844736871
1.0011129169
0.9977062387
0.9892317748
0.9956791244
0.9913996609
0.9921035200
1.0083485887
0.9835164386
0.9854872442
0.9904142581
0.9889502311
0.9921316744
0.9816300962
0.9960169768
0.9950034196
0.9925539899
0.9931170772
0.9968616077
0.9917938220
0.9994799637
0.9806728478
0.9990013395
0.9959888224
1.0028584875
0.9881337545
0.9961859030
0.9891191573
0.9806446934
0.9852338549
0.9851212375
0.9914841240
0.9982974804
0.9798845255
0.9944684867
0.9915685871
0.9911181172
0.9893162379
0.9925821442
0.9784486529
0.9816300962
1.0010002994
0.9831785863
0.9924413724
0.9932860034
0.9971149970
0.9888094593
0.9792651295
0.9865289557
0.9946937216
0.9917093589
0.9923569093
0.9889502311
0.9897667077
0.9802505323
0.9933986208
0.9796311363
0.9966645272
0.9826718077
0.9805039216
0.9874862041
0.9793777470
0.9975936212
0.9905550299
0.9917938220
0.9896259359
0.9899919426
0.9866978819
0.9884434526
0.9875706672
0.9872328148
0.9856843248
0.9904142581
0.9834038212
0.9881056002
0.9867260363
0.9881056002
0.9950878827
0.9917938220
0.9841076803
0.9896540903
0.9859940228
0.9828688882
0.9862755664
0.9889783855
0.9868668081
0.9899074795
0.9813203982
0.9846144589
0.9901890232
0.9791525120
0.9870638887
0.9866134188
0.9807291565
0.9827844252
0.9933986208
0.9798282168
0.9757176795
0.9916530502
0.9864163383
0.9759147600
0.9787583509
0.9909773454
0.9801097605
0.9872609692
0.9880211371
0.9880211371
0.9820805660
0.9774632501
0.9851775462
0.9801942236
0.9906958018
0.9948344934
0.9879929827
0.9805883847
0.9848678482
0.9892036204
0.9865289557
0.9814048613
0.9903579494
0.9916530502
0.9880492914
0.9788146597
0.9794903644
0.9915122784
0.9893725466
0.9857124791
0.9915967415
0.9816864049
0.9908365736
0.9875706672
0.9783360355
0.9830659688
0.9818271767
0.9739439545
0.9914559696
0.9827844252
0.9952286546
0.9969460708
0.9821931835
0.9945529498
0.9820524117
0.9848960025
0.9846426133
0.9850930831
0.9860503315
0.9855998617
0.9773224783
0.9797437537
0.9935957014
0.9864726470
0.9761118406
0.9737750283
0.9822776466
0.9904987212
0.9808699283
0.9874862041
0.9838542910
0.9809825458
0.9841076803
0.9941024800
0.9753235184
0.9828688882
0.9852057006
0.9837979823
0.9770127803
0.9892317748
0.9872046605
0.9906958018
0.9770690890
0.9837698279
0.9779700287
0.9972839232
0.9717197596
0.9862755664
0.9888376137
0.9832912037
0.9892880835
0.9928636879
0.9754642902
0.9804476128
0.9853464724
0.9888094593
0.9865289557
0.9846426133
0.9748167398
0.9785894247
0.9814611700
0.9800534517
0.9816300962
0.9836572105
0.9806165390
0.9794340557
0.9848678482
0.9857124791
0.9808136196
0.9876551303
0.9824465728
0.9869512712
0.9843892240
0.9812077807
0.9854309355
0.9841639890
0.9725080819
0.9759710688
0.9818271767
0.9801097605
0.9839105998
0.9836009017
0.9803349954
0.9887249962
0.9856280160
0.9860221771
0.9730711692
0.9918501307
0.9974246950
0.9727614711
0.9834038212
0.9873735867
0.9731837866
0.9785612704
0.9790117402
0.9727614711
0.9843329152
0.9821368748
0.9812922438
0.9752390553
0.9835727474
0.9830941232
0.9863600295
0.9796029819
0.9779137200
0.9828970426
0.9861347946
0.9825028815
0.9778011025
0.9799971430
0.9747322767
0.9753516727
0.9875143585
0.9804194585
0.9793214382
0.9791243577
0.9823621097
0.9786457335
0.9858814053
0.9784204985
0.9700023434
0.9851493918
0.9861911033
0.9799408343
0.9744788874
0.9794340557
0.9777729482
0.9792369751
0.9839950629
0.9826436533
0.9843892240
0.9867823450
0.9839387541
0.9770127803
0.9797155993
0.9721420751
0.9760555319
0.9822213378
0.9731837866
0.9867541906
0.9770690890
0.9721702295
0.9850649287
0.9896540903
0.9838542910
0.9856280160
0.9869794256
0.9877395934
0.9774069414
0.9842484521
0.9871201974
0.9697489541
0.9839105998
0.9804757672
0.9868104994
0.9850649287
0.9730711692
0.9775477132
0.9743944243
0.9757739882
0.9782515724
0.9772943239
0.9843892240
0.9841358347
0.9795185188
0.9734934846
0.9884716069
0.9761681493
0.9755205989
0.9755205989
0.9894851641
0.9772661696
0.9864726470
0.9790398946
0.9883026807
0.9795748275
0.9859377141
0.9843892240
0.9738313370
0.9814893244
0.9793495926
0.9725080819
0.9834319756
0.9754079815
0.9795466732
0.9782234180
0.9671305981
0.9775477132
0.9823058009
0.9784486529
0.9796029819
0.9800534517
0.9763652299
0.9748448942
0.9812922438
0.9812640894
0.9810107001
0.9793495926
0.9900200970
0.9797155993
0.9798845255
0.9752109009
0.9841921434
0.9708469743
0.9845581502
0.9755205989
0.9854872442
0.9762807668
0.9724799275
0.9774914045
0.9754642902
0.9734371759
0.9735216390
0.9741973438
0.9826999621
0.9789835859
0.9736624108
0.9795185188
0.9786738878
0.9710440549
0.9719449946
0.9759710688
0.9825873446
0.9704246588
0.9765623104
0.9812077807
0.9817145593
0.9829251970
0.9747604311
0.9819679486
0.9670461350
0.9750701291
0.9730430148
0.9743099612
0.9723673100
0.9807573109
0.9691577124
0.9837979823
0.9699178803
0.9721702295
0.9778855656
0.9746759680
0.9738031827
0.9810388545
0.9785049616
0.9792651295
0.9730993235
0.9865852645
0.9849804656
0.9777729482
0.9731837866
0.9824184184
0.9787583509
0.9809825458
0.9767593910
0.9797719081
0.9687635513
0.9815737874
0.9705091219
0.9776884851
0.9801097605
0.9772098608
0.9833193581
0.9893443922
0.9774350958
0.9759429144
0.9812077807
0.9742536525
0.9751545922
0.9732964041
0.9832630494
0.9703120414
0.9702838870
0.9868386537
0.9674966049
0.9795466732
0.9731837866
0.9814330156
0.9822494922
0.9759429144
0.9716071422
0.9812640894
0.9839105998
0.9729585517
0.9789272771
0.9715226791
0.9669053632
0.9844736871
0.9792088208
0.9822776466
0.9747604311
0.9780544918
0.9812359351
0.9770409347
0.9729585517
0.9660325779
0.9718605315
0.9756332164
0.9645685509
0.9738876458
0.9716634509
0.9637520743
0.9672995243
0.9653287187
0.9686509338
0.9707062025
0.9740565719
0.9697489541
0.9769846259
0.9839669085
0.9744788874
0.9856280160
0.9785894247
0.9697207997
0.9732964041
0.9794059013
0.9804757672
0.9763089212
0.9766749279
0.9710440549
0.9768720085
0.9699741890
0.9776603307
0.9787020422
0.9718042227
0.9800252974
0.9617531144
0.9689043231
0.9730711692
0.9655821080
0.9816864049
0.9821931835
0.9837698279
0.9728459342
0.9690450949
0.9779137200
0.9743381156
0.9792651295
0.9685946251
0.9712129811
0.9761681493
0.9638083830
0.9761963037
0.9749293573
0.9870638887
0.9755205989
0.9705091219
0.9691577124
0.9717760684
0.9776321763
0.9732964041
0.9754079815
0.9730993235
0.9782515724
0.9686790882
0.9751545922
0.9689887862
0.9752109009
0.9730148604
0.9766186192
0.9743099612
0.9685101620
0.9762807668
0.9686509338
0.9783078811
0.9720857664
0.9756050620
0.9745633505
0.9672150612
0.9711285180
0.9798563712
0.9728740886
0.9706780481
0.9644559334
0.9784204985
0.9780826462
0.9829533513
0.9748730485
0.9688198600
0.9738313370
0.9688198600
0.9677781485
0.9715508334
0.9720294577
0.9799126799
0.9705372763
0.9714945247
0.9859377141
0.9818553311
0.9679189203
0.9627948259
0.9765904648
0.9786457335
0.9710159005
0.9726206993
0.9674966049
0.9687635513
0.9695237192
0.9634423763
0.9644840878
0.9780826462
0.9660888866
0.9761681493
0.9677781485
0.9701712696
0.9752953640
0.9726770081
0.9739721089
0.9787583509
0.9718886858
0.9699460346
0.9691858668
0.9740565719
0.9843610696
0.9766186192
0.9772380152
0.9734653303
0.9649627120
0.9768156997
0.9657510342
0.9633297588
0.9807010021
0.9764496930
0.9708188200
0.9602890874
0.9728740886
0.9729303973
0.9611055640
0.9740847263
0.9732119410
0.9680315378
0.9679752291
0.9680878465
0.9687635513
0.9719168402
0.9708469743
0.9670742894
0.9667645914
0.9770690890
0.9763089212
0.9757739882
0.9727896255
0.9658354973
0.9662296584
0.9743944243
0.9735216390
0.9705935850
0.9742536525
0.9589939866
0.9785612704
0.9727614711
0.9724799275
0.9707906656
0.9707625112
0.9737187196
0.9742818069
0.9709314374
0.9661170410
0.9732119410
0.9888657680
0.9747885854
0.9721702295
0.9782234180
0.9765623104
0.9682567727
0.9675810680
0.9731837866
0.9680596922
0.9701149608
0.9783641898
0.9737187196
0.9734934846
0.9744225787
0.9729867061
0.9732964041
0.9662578128
0.9746478136
0.9656947255
0.9772943239
0.9726206993
0.9692984842
0.9697771084
0.9713819073
0.9743099612
0.9826436533
0.9753235184
0.9716916053
0.9700868065
0.9755769077
0.9720576120
0.9742536525
0.9787020422
0.9790398946
0.9804476128
0.9648782489
0.9647374771
0.9742818069
0.9715789878
0.9734934846
0.9697771084
0.9804476128
0.9722546926
0.9682567727
0.9681160009
0.9681160009
0.9671305981
0.9672432156
0.9722265382
0.9775477132
0.9747604311
0.9740284176
0.9631608326
0.9609929465
0.9685664707
0.9737750283
0.9712411354
0.9708751287
0.9750138204
0.9718042227
0.9738876458
0.9778011025
0.9772380152
0.9754361358
0.9725080819
0.9776884851
0.9781671093
0.9651316382
0.9753235184
0.9762807668
0.9631608326
0.9674966049
0.9687917057
0.9670742894
0.9816019418
0.9754642902
0.9752672096
0.9736905652
0.9732119410
0.9769564716
0.9730148604
0.9743944243
0.9775758676
0.9698052628
0.9743381156
0.9687635513
0.9762807668
0.9682849271
0.9625695910
0.9653005644
0.9674402961
0.9702838870
0.9662578128
0.9700868065
0.9868949625
0.9767312366
0.9749293573
0.9630482152
0.9749856660
0.9787583509
0.9674121418
0.9602327786
0.9650190207
0.9640054636
0.9718042227
0.9772380152
0.9684538533
0.9671587525
0.9721702295
0.9711848267
0.9740847263
0.9701431152
0.9776884851
0.9790398946
0.9767875454
0.9680315378
0.9658073430
0.9725643906
0.9722828469
0.9807291565
0.9781671093
0.9732682497
0.9765060017
0.9803349954
0.9723673100
0.9786738878
0.9681160009
0.9691858668
0.9730711692
0.9676373767
0.9709595918
0.9697771084
0.9680315378
0.9740847263
0.9654131818
0.9838261367
0.9688480144
0.9754361358
0.9634705306
0.9790117402
0.9781108005
0.9637239199
0.9743381156
0.9665393564
0.9672150612
0.9700023434
0.9711003636
0.9678344572
0.9668772088
0.9740565719
0.9790117402
0.9691577124
0.9779418743
0.9770972434
0.9713819073
0.9698334172
0.9742536525
0.9651597926
0.9728740886
0.9691858668
0.9805602303
0.9718042227
0.9913151978
0.9617249600
0.9697207997
0.9717760684
0.9622317386
0.9792369751
0.9701431152
0.9807854652
0.9656665711
0.9705654307
0.9771535521
0.9771535521
0.9719449946
0.9740847263
0.9746759680
0.9729585517
0.9741973438
0.9762244581
0.9779700287
0.9712692898
0.9670461350
0.9851212375
0.9678907660
0.9671869068
0.9764215386
0.9681441553
0.9651879469
0.9654694906
0.9689887862
0.9670742894
0.9674966049
0.9739158001
0.9739721089
0.9611337183
0.9745915049
0.9674966049
0.9785331160
0.9685383164
0.9600638525
0.9759147600
0.9770127803
0.9755487533
0.9697771084
0.9682849271
0.9793214382
0.9676092223
0.9646530140
0.9788709684
0.9718323771
0.9745070418
0.9684538533
0.9676373767
0.9783078811
0.9719731489
0.9783078811
0.9787583509
0.9778292569
0.9711566723
0.9685664707
0.9701712696
0.9736624108
0.9789554315
0.9692984842
0.9755205989
0.9571357985
0.9762526124
0.9723954644
0.9671587525
0.9687635513
0.9696081822
0.9697771084
0.9701994239
0.9728459342
0.9692703299
0.9745070418
0.9679470747
0.9820242573
0.9695237192
0.9712692898
0.9759147600
0.9740847263
0.9771535521
0.9711003636
0.9674684505
0.9672150612
0.9733527128
0.9764496930
0.9743381156
0.9658354973
0.9696926453
0.9703120414
0.9713819073
0.9713819073
0.9737187196
0.9707062025
0.9614152620
0.9696363366
0.9689887862
0.9625977453
0.9641462354
0.9678626116
0.9783360355
0.9692703299
0.9645403965
0.9704809676
0.9745351962
0.9672150612
0.9621472755
0.9792088208
0.9651316382
0.9701994239
0.9778574112
0.9892599291
0.9649345576
0.9721420751
0.9698615715
0.9751264378
0.9783360355
0.9703965045
0.9681441553
0.9707062025
0.9659481148
0.9633579132
0.9680878465
0.9718886858
0.9776603307
0.9687635513
0.9695237192
0.9751545922
0.9734090215
0.9732119410
0.9751264378
0.9725080819
0.9682286184
0.9785049616
0.9794059013
0.9627103628
0.9729867061
0.9745351962
0.9694392561
0.9683693902
0.9680033834
0.9721983838
0.9666238195
0.9809825458
0.9665675108
0.9669616719
0.9743662700
0.9659199604
0.9715226791
0.9734934846
0.9727896255
0.9631889870
0.9702838870
0.9745915049
0.9646248596
0.9698334172
0.9744507331
0.9724236188
0.9647093227
0.9708188200
0.9761963037
0.9654131818
0.9796874450
0.9674402961
0.9665675108
0.9674121418
0.9650471751
0.9724799275
0.9747041223
0.9652161013
0.9717197596
0.9750138204
0.9732119410
0.9652161013
0.9757739882
0.9729022430
0.9754079815
0.9737187196
0.9695800279
0.9743662700
0.9692421755
0.9693829473
0.9692984842
0.9690450949
0.9670461350
0.9755205989
0.9692140211
0.9694674104
0.9763933843
0.9742254981
0.9776603307
0.9724236188
0.9761118406
0.9603735505
0.9654131818
0.9599512350
0.9802223779
0.9720294577
0.9651034838
0.9697489541
0.9691858668
0.9709032830
0.9663422759
0.9739721089
0.9736905652
0.9742254981
0.9673839874
0.9711285180
0.9624569735
0.9788146597
0.9648782489
0.9695800279
0.9721139208
0.9724517731
0.9722828469
0.9646811683
0.9759429144
0.9738031827
0.9645685509
0.9722546926
0.9642306985
0.9699178803
0.9760273775
0.9835445930
0.9757176795
0.9662015041
0.9693829473
0.9616968056
0.9785331160
0.9704246588
0.9603453961
0.9751827466
0.9713819073
0.9767593910
0.9699178803
0.9748730485
0.9744225787
0.9747885854
0.9782797267
0.9749293573
0.9724236188
0.9802786867
0.9701431152
0.9723391557
0.9684256989
0.9613026445
0.9820524117
0.9714663704
0.9755487533
0.9687353969
0.9727896255
0.9719731489
0.9726488537
0.9709595918
0.9761681493
0.9698615715
0.9703683501
0.9749856660
0.9664830477
0.9693547930
0.9691858668
0.9701431152
0.9738876458
0.9674966049
0.9646811683
0.9757458339
0.9669898263
0.9847833851
0.9687917057
0.9653568731
0.9728740886
0.9600638525
0.9814893244
0.9622317386
0.9585716711
0.9744507331
0.9675247592
0.9798563712
0.9668209001
0.9637239199
0.9739439545
0.9722828469
0.9748448942
0.9774914045
0.9709032830
0.9625132822
0.9751827466
0.9697771084
0.9700868065
0.9765060017
0.9727333168
0.9782797267
0.9690169406
0.9724517731
0.9708751287
0.9831785863
0.9675247592
0.9690732493
0.9758866057
0.9732400954
0.9737187196
0.9791525120
0.9803068410
0.9707343569
0.9671024437
0.9748730485
0.9801660692
0.9663422759
0.9777166394
0.9826436533
0.9719449946
0.9610211009
0.9790680489
0.9710722092
0.9760555319
0.9714945247
0.9673839874
0.9775477132
0.9823621097
0.9672995243
0.9769001628
0.9689324775
0.9774350958
0.9738594914
0.9788428140
0.9740002632
0.9662859672
0.9666801283
0.9688480144
0.9707625112
0.9743099612
0.9670742894
0.9696926453
0.9598667719
0.9715226791
0.9677218398
0.9766467735
0.9752109009
0.9701712696
0.9788709684
0.9753516727
0.9763089212
0.9695800279
0.9703965045
0.9759992231
0.9743944243
0.9665393564
0.9724799275
0.9717479140
0.9720294577
0.9769846259
0.9750419747
0.9745070418
0.9695237192
0.9759710688
0.9671024437
0.9779981831
0.9725925450
0.9768438541
0.9704246588
0.9708751287
0.9616123425
0.9776603307
0.9665675108
0.9782515724
0.9810670089
0.9726206993
0.9656384168
0.9737750283
0.9759429144
0.9730711692
0.9750138204
0.9751545922
0.9778855656
0.9639210005
0.9673276787
0.9752672096
0.9718886858
0.9698615715
0.9724517731
0.9748167398
0.9589095235
0.9793214382
0.9770409347
0.9673276787
0.9733808672
0.9750701291
0.9861347946
0.9693547930
0.9659481148
0.9715508334
0.9763652299
0.9755487533
0.9821931835
0.9640054636
0.9728740886
0.9729585517
0.9774632501
0.9795466732
0.9766467735
0.9735497934
0.9797719081
0.9685101620
0.9685946251
0.9638365374
0.9762244581
0.9737187196
0.9747604311
0.9758302970
0.9763933843
0.9746196593
0.9691858668
0.9699178803
0.9751264378
0.9819679486
0.9716916053
0.9792651295
0.9704246588
0.9685664707
0.9732682497
0.9733527128
0.9825873446
0.9785612704
0.9663141215
0.9767875454
0.9707062025
0.9710440549
0.9790962033
0.9712974442
0.9719168402
0.9783923442
0.9648500945
0.9707062025
0.9710440549
0.9647937858
0.9741691894
0.9679470747
0.9731556323
0.9655539537
0.9771535521
0.9733808672
0.9743662700
0.9720576120
0.9700023434
0.9878522109
0.9729867061
0.9755205989
0.9662296584
0.9636113025
0.9832630494
0.9682849271
0.9707906656
0.9718042227
0.9738031827
0.9676092223
0.9762526124
0.9742536525
0.9723391557
0.9713255985
0.9797155993
0.9809825458
0.9763652299
0.9742254981
0.9836853648
0.9790398946
0.9776884851
0.9694111017
0.9769846259
0.9693829473
0.9773506327
0.9667364370
0.9700023434
0.9725362362
0.9762244581
0.9718886858
0.9697207997
0.9807010021
0.9697207997
0.9684820076
0.9687917057
0.9662296584
0.9811233176
0.9724799275
0.9727614711
0.9685383164
0.9769846259
0.9822494922
0.9662296584
0.9787020422
0.9728177799
0.9660325779
0.9846426133
0.9732400954
0.9718323771
0.9767875454
0.9701712696
0.9747322767
0.9688198600
0.9801379148
0.9801942236
0.9680315378
0.9745070418
0.9695800279
0.9801097605
0.9747041223
0.9787865053
0.9734653303
0.9737187196
0.9632452957
0.9842484521
0.9760273775
0.9755487533
0.9723110013
0.9715226791
0.9755487533
0.9694111017
0.9748730485
0.9703120414
0.9707343569
0.9710722092
0.9689324775
0.9746478136
0.9714945247
0.9731837866
0.9700304977
0.9681723096
0.9773224783
0.9667927457
0.9716352965
0.9717197596
0.9705935850
0.9740565719
0.9747604311
0.9736061021
0.9668209001
0.9776603307
0.9698052628
0.9731556323
0.9720013033
0.9697489541
0.9698615715
0.9752672096
0.9773224783
0.9656947255
0.9767312366
0.9759992231
0.9755205989
0.9610211009
0.9694111017
0.9736624108
0.9744788874
0.9703965045
0.9799971430
0.9817145593
0.9691014037
0.9760273775
0.9751545922
0.9737468739
0.9709595918
0.9708188200
0.9721139208
0.9765341561
0.9718605315
0.9667364370
0.9650753295
0.9796029819
0.9753235184
0.9709314374
0.9841076803
0.9748730485
0.9753235184
0.9685383164
0.9758021426
0.9688761688
0.9669335176
0.9703965045
0.9809262371
0.9680315378
0.9694955648
0.9649345576
0.9739721089
0.9649064033
0.9680878465
0.9752109009
0.9809543914
0.9808417740
0.9703683501
0.9648500945
0.9707062025
0.9708469743
0.9701712696
0.9751827466
0.9734371759
0.9740847263
0.9767030823
0.9765341561
0.9708188200
0.9763089212
0.9765904648
0.9763933843
0.9724799275
0.9753798271
0.9784768073
0.9755487533
0.9710440549
0.9718605315
0.9603735505
0.9734934846
0.9631608326
0.9725080819
0.9813203982
0.9725080819
0.9742818069
0.9736061021
0.9765060017
0.9727333168
0.9737750283
0.9694392561
0.9805883847
0.9674684505
0.9732682497
0.9714945247
0.9797437537
0.9736061021
0.9672995243
0.9831785863
0.9832630494
0.9778855656
0.9795748275
0.9764778474
0.9659481148
0.9778855656
0.9674966049
0.9736342565
0.9716071422
0.9720294577
0.9776603307
0.9857406335
0.9756895251
0.9802786867
0.9679470747
0.9720576120
0.9672995243
0.9714663704
0.9732964041
0.9784486529
0.9767875454
0.9761399950
0.9841358347
0.9679189203
0.9795185188
0.9858250966
0.9729303973
0.9669335176
0.9841639890
0.9710722092
0.9701994239
0.9756050620
0.9813767069
0.9678907660
0.9694955648
0.9750138204
0.9815456331
0.9761118406
0.9655821080
0.9736905652
0.9807291565
0.9722265382
0.9712692898
0.9814330156
0.9628511346
0.9759992231
0.9689887862
0.9718323771
0.9701712696
0.9801942236
0.9820524117
0.9712692898
0.9775195589
0.9801097605
0.9764215386
0.9770127803
0.9747041223
0.9742536525
0.9784768073
0.9707625112
0.9699741890
0.9725925450
0.9662296584
0.9746196593
0.9733245585
0.9643151616
0.9616968056
0.9711848267
0.9787583509
0.9723110013
0.9678063029
0.9736342565
0.9708751287
0.9764496930
0.9738031827
0.9777447938
0.9701149608
0.9777729482
0.9749856660
0.9672150612
0.9661733497
0.9709877461
0.9629074433
0.9812922438
0.9682004640
0.9839669085
0.9816582505
0.9792369751
0.9796874450
0.9724517731
0.9840513716
0.9684538533
0.9728459342
0.9717197596
0.9683693902
0.9783923442
0.9830941232
0.9825591902
0.9815737874
0.9776603307
0.9734371759
0.9704809676
0.9734090215
0.9672995243
0.9674402961
0.9816864049
0.9654694906
0.9744225787
0.9786738878
0.9744788874
0.9840513716
0.9772661696
0.9726770081
0.9772098608
0.9689606319
0.9797719081
0.9714382160
0.9736624108
0.9813485525
0.9680878465
0.9818834855
0.9734653303
0.9672995243
0.9773224783
0.9745351962
0.9707625112
0.9790398946
0.9738876458
0.9752953640
0.9742536525
0.9648219402
0.9765623104
0.9779981831
0.9691858668
0.9775758676
0.9759992231
0.9700868065
0.9757739882
0.9798563712
0.9735216390
0.9829815057
0.9722546926
0.9788709684
0.9848960025
0.9769564716
0.9742818069
0.9720857664
0.9761399950
0.9807854652
0.9814048613
0.9677499941
0.9810951632
0.9715226791
0.9670461350
0.9772380152
0.9769283172
0.9692421755
0.9690732493
0.9753516727
0.9823902640
0.9703120414
0.9811796263
0.9718042227
0.9746759680
0.9605706310
0.9732119410
0.9783923442
0.9742254981
0.9946655673
0.9672432156
0.9731837866
0.9720013033
0.9667645914
0.9839105998
0.9720294577
0.9670742894
0.9772943239
0.9760273775
0.9815456331
0.9702557326
0.9798563712
0.9670461350
0.9686790882
0.9817708680
0.9711566723
0.9627385171
0.9683693902
0.9789272771
0.9750982835
0.9757176795
0.9687917057
0.9730711692
0.9670742894
0.9775477132
0.9771535521
0.9642025441
0.9710722092
0.9743662700
0.9687917057
0.9726488537
0.9658354973
0.9792932839
0.9676655311
0.9691014037
0.9775195589
0.9748448942
0.9817708680
0.9736342565
0.9688761688
0.9847270763
0.9684820076
0.9754642902
0.9796592906
0.9800816061
0.9792088208
0.9666801283
0.9785612704
0.9682004640
0.9662859672
0.9824184184
0.9841076803
0.9762807668
0.9775758676
0.9731556323
0.9826999621
0.9693547930
0.9669053632
0.9704246588
0.9709595918
0.9721420751
0.9777729482
0.9613307989
0.9750138204
0.9803068410
0.9753798271
0.9665112021
0.9719449946
0.9824465728
0.9780826462
0.9698897259
0.9752953640
0.9740565719
0.9693547930
0.9740002632
0.9747322767
0.9786175791
0.9801942236
0.9751827466
0.9744507331
0.9742818069
0.9760836862
0.9778011025
0.9813767069
0.9756050620
0.9719168402
0.9842766065
0.9811233176
0.9718605315
0.9747041223
0.9722265382
0.9668772088
0.9726770081
0.9729303973
0.9799971430
0.9727896255
0.9679752291
0.9648500945
0.9746478136
0.9694674104
0.9801097605
0.9757739882
0.9752953640
0.9855435529
0.9752953640
0.9773787870
0.9869231168
0.9681160009
0.9762807668
0.9784768073
0.9788146597
0.9711003636
0.9660607322
0.9696644910
0.9819961029
0.9774632501
0.9746196593
0.9735497934
0.9726206993
0.9734653303
0.9738876458
0.9833756668
0.9838542910
0.9763089212
0.9781952636
0.9751827466
0.9838261367
0.9674121418
0.9843329152
0.9760555319
0.9749293573
0.9602327786
0.9815174787
0.9727896255
0.9746759680
0.9735216390
0.9758866057
0.9676936854
0.9682004640
0.9732400954
0.9651034838
0.9654976449
0.9811514720
0.9816582505
0.9698615715
0.9688761688
0.9722265382
0.9658073430
0.9723110013
0.9790398946
0.9712411354
0.9803631497
0.9783923442
0.9733808672
0.9709877461
0.9791243577
0.9768438541
0.9891191573
0.9789554315
0.9794903644
0.9816582505
0.9818834855
0.9684820076
0.9754361358
0.9782515724
0.9756895251
0.9736342565
0.9772943239
0.9734653303
0.9734371759
0.9862192577
0.9754361358
0.9715508334
0.9685101620
0.9742536525
0.9716352965
0.9807854652
0.9782234180
0.9727051624
0.9688761688
0.9635268394
0.9625977453
0.9743944243
0.9863881839
0.9865289557
0.9743381156
0.9787865053
0.9678063029
0.9681160009
0.9764778474
0.9719168402
0.9755487533
0.9636113025
0.9817708680
0.9832348950
0.9833193581
0.9754642902
0.9810388545
0.9718042227
0.9779137200
0.9654413362
0.9747885854
0.9787301966
0.9844173783
0.9752109009
0.9853183180
0.9716071422
0.9728459342
0.9791525120
0.9749856660
0.9846144589
0.9801942236
0.9732119410
0.9688761688
0.9674684505
0.9836572105
0.9758584513
0.9761399950
0.9780826462
0.9730430148
0.9706217394
0.9733808672
0.9734371759
0.9848115394
0.9748448942
0.9729303973
0.9774632501
0.9780826462
0.9766186192
0.9742536525
0.9702275783
0.9785049616
0.9774632501
0.9710440549
0.9739158001
0.9777447938
0.9778574112
0.9788709684
0.9804476128
0.9788428140
0.9747885854
0.9736342565
0.9876832847
0.9799408343
0.9768438541
0.9788991228
0.9759147600
0.9834319756
0.9746759680
0.9808699283
0.9717479140
0.9671869068
0.9738031827
0.9760836862
0.9678907660
0.9724236188
0.9754361358
0.9737750283
0.9808980827
0.9734371759
0.9754361358
0.9726488537
0.9746759680
0.9682286184
0.9767875454
0.9797719081
0.9852338549
0.9721983838
0.9776603307
0.9714945247
0.9779981831
0.9777729482
0.9858532510
0.9696926453
0.9669335176
0.9661170410
0.9702838870
0.9664267390
0.9753516727
0.9735216390
0.9789835859
0.9833193581
0.9812077807
0.9658636517
0.9715226791
0.9791806664
0.9670179807
0.9865571101
0.9801660692
0.9761963037
0.9719168402
0.9753798271
0.9676936854
0.9756613708
0.9696644910
0.9796311363
0.9731837866
0.9802223779
0.9717760684
0.9659762691
0.9790680489
0.9797437537
0.9767030823
0.9710722092
0.9684538533
0.9750982835
0.9711003636
0.9743099612
0.9796029819
0.9808980827
0.9779418743
0.9717760684
0.9727051624
0.9790962033
0.9711848267
0.9682849271
0.9837979823
0.9738876458
0.9921316744
0.9721139208
0.9712692898
0.9692140211
0.9763652299
0.9743099612
0.9697489541
0.9694111017
0.9736342565
0.9724236188
0.9742818069
0.9742536525
0.9826999621
0.9768438541
0.9842202978
0.9732400954
0.9588532148
0.9787583509
0.9711003636
0.9831222775
0.9687917057
0.9803349954
0.9688198600
0.9733527128
0.9753516727
0.9710159005
0.9714100616
0.9747322767
0.9778574112
0.9736342565
0.9867541906
0.9702275783
0.9710440549
0.9729303973
0.9636394568
0.9759429144
0.9827844252
0.9732119410
0.9663704303
0.9805883847
0.9715226791
0.9732964041
0.9686790882
0.9778855656
0.9718042227
0.9772943239
0.9805602303
0.9723954644
0.9823902640
0.9717197596
0.9745351962
0.9739721089
0.9754924446
0.9768156997
0.9737468739
0.9709314374
0.9711848267
0.9733527128
0.9798282168
0.9769283172
0.9810388545
0.9734653303
0.9723110013
0.9793495926
0.9755487533
0.9649345576
0.9805039216
0.9723110013
0.9758866057
0.9860784859
0.9875988216
0.9683693902
0.9634142219
0.9699178803
0.9792932839
0.9749293573
0.9799689886
0.9810670089
0.9732400954
0.9617531144
0.9823339553
0.9718605315
0.9797155993
0.9722265382
0.9785049616
0.9779418743
0.9747041223
0.9706498938
0.9738031827
0.9629074433
0.9702275783
0.9807854652
0.9616123425
0.9731837866
0.9716916053
0.9832067406
0.9794340557
0.9749575116
0.9843047609
0.9747604311
0.9652161013
0.9830378144
0.9785612704
0.9768156997
0.9749012029
0.9707062025
0.9733808672
0.9724517731
0.9823339553
0.9698615715
0.9764496930
0.9906113387
0.9746478136
0.9732119410
0.9740002632
0.9739439545
0.9841076803
0.9717760684
0.9779981831
0.9723673100
0.9734653303
0.9776884851
0.9788428140
0.9736061021
0.9696926453
0.9691577124
0.9783923442
0.9699741890
0.9709314374
0.9798563712
0.9788146597
0.9687917057
0.9735779477
0.9771253978
0.9786175791
0.9807291565
0.9664830477
0.9683412358
0.9694111017
0.9781952636
0.9853464724
0.9687072426
0.9756050620
0.9688761688
0.9722828469
0.9757458339
0.9810107001
0.9686227795
0.9816864049
0.9651879469
0.9616968056
0.9771535521
0.9787020422
0.9691295580
0.9782797267
0.9868949625
0.9799126799
0.9715508334
0.9717760684
0.9721702295
0.9755769077
0.9834319756
0.9672150612
0.9772380152
0.9698334172
0.9815737874
0.9674966049
0.9752953640
0.9699460346
0.9649908664
0.9765060017
0.9725080819
0.9730430148
0.9825591902
0.9778574112
0.9698334172
0.9826436533
0.9736342565
0.9655539537
0.9746478136
0.9701431152
0.9746196593
0.9724799275
0.9700586521
0.9802223779
0.9752109009
0.9722265382
0.9757176795
0.9766467735
0.9737468739
0.9794903644
0.9750982835
0.9811514720
0.9738313370
0.9735779477
0.9736342565
0.9805602303
0.9811233176
0.9673558330
0.9735216390
0.9746196593
0.9859658684
0.9672995243
0.9759992231
0.9791243577
0.9683130815
0.9698897259
0.9748730485
0.9714100616
0.9798282168
0.9768438541
0.9776884851
0.9710440549
0.9704809676
0.9671869068
0.9727051624
0.9706780481
0.9751827466
0.9743944243
0.9751545922
0.9779700287
0.9788991228
0.9763652299
0.9781389549
0.9749293573
0.9749012029
0.9819679486
0.9719168402
0.9685383164
0.9803068410
0.9788991228
0.9650753295
0.9654976449
0.9653850275
0.9838542910
0.9662015041
0.9756895251
0.9703965045
0.9727614711
0.9674684505
0.9723673100
0.9729022430
0.9774914045
0.9737750283
0.9712974442
0.9778292569
0.9739439545
0.9716071422
0.9756613708
0.9734653303
0.9706498938
0.9705091219
0.9698052628
0.9823339553
0.9764496930
0.9696363366
0.9640617723
0.9714663704
0.9794903644
0.9674121418
0.9692703299
0.9764496930
0.9633016045
0.9744507331
0.9681723096
0.9826718077
0.9725080819
0.9778574112
0.9774350958
0.9758866057
0.9689606319
0.9792651295
0.9722265382
0.9714945247
0.9758584513
0.9696081822
0.9754642902
0.9770127803
0.9699741890
0.9761681493
0.9776321763
0.9835727474
0.9733245585
0.9712411354
0.9734090215
0.9848396938
0.9842202978
0.9828125795
0.9804757672
0.9794059013
0.9706780481
0.9767312366
0.9787583509
0.9721983838
0.9699460346
0.9863318752
0.9823902640
0.9671869068
0.9678907660
0.9645403965
0.9781952636
0.9750138204
0.9728177799
0.9700023434
0.9721139208
0.9768438541
0.9674966049
0.9708188200
0.9625414366
0.9801097605
0.9727051624
0.9798845255
0.9772098608
0.9771253978
0.9830659688
0.9713255985
0.9732119410
0.9740002632
0.9653850275
0.9718886858
0.9687072426
0.9794622101
0.9691577124
0.9716916053
0.9743381156
0.9716352965
0.9832067406
0.9775758676
0.9593599933
0.9730711692
0.9735216390
0.9774914045
0.9649908664
0.9751264378
0.9778855656
0.9830941232
0.9855998617
0.9756613708
0.9753516727
0.9717197596
0.9813767069
0.9764778474
0.9758866057
0.9776040220
0.9716634509
0.9716634509
0.9649345576
0.9782797267
0.9727051624
0.9764778474
0.9851493918
0.9740565719
0.9797719081
0.9758021426
0.9793777470
0.9813767069
0.9710440549
0.9764215386
0.9870920430
0.9704246588
0.9792932839
0.9691858668
0.9694111017
0.9763089212
0.9840513716
0.9763089212
0.9757176795
0.9745633505
0.9649064033
0.9667364370
0.9756050620
0.9716634509
0.9720576120
0.9678063029
0.9787865053
0.9611900271
0.9730993235
0.9718886858
0.9671305981
0.9800252974
0.9847833851
0.9793777470
0.9777166394
0.9765341561
0.9759992231
0.9733245585
0.9700868065
0.9708751287
0.9737750283
0.9747322767
0.9659199604
0.9789554315
0.9727614711
0.9705372763
0.9744507331
0.9798282168
0.9640617723
0.9778292569
0.9721983838
0.9694392561
0.9742536525
0.9791243577
0.9689043231
0.9681723096
0.9749293573
0.9745915049
0.9676373767
0.9748448942
0.9719449946
0.9677499941
0.9782515724
0.9818553311
0.9698052628
0.9740847263
0.9810670089
0.9814893244
0.9764215386
0.9687353969
0.9802223779
0.9718886858
0.9698615715
0.9821931835
0.9760273775
0.9749575116
0.9778292569
0.9735497934
0.9804194585
0.9632734501
0.9770690890
0.9792932839
0.9704809676
0.9759992231
0.9814611700
0.9699460346
0.9695800279
0.9796311363
0.9719731489
0.9705372763
0.9769283172
0.9726488537
0.9738876458
0.9804757672
0.9722828469
0.9754079815
0.9851212375
0.9812077807
0.9621472755
0.9781952636
0.9749856660
0.9741691894
0.9727051624
0.9772098608
0.9646248596
0.9784204985
0.9687353969
0.9682004640
0.9771817065
0.9776321763
0.9767030823
0.9714100616
0.9747322767
0.9729867061
0.9656947255
0.9781389549
0.9680033834
0.9734934846
0.9716352965
0.9813203982
0.9790117402
0.9678907660
0.9724799275
0.9809543914
0.9742254981
0.9821650291
0.9726206993
0.9748730485
0.9787583509
0.9748167398
0.9700868065
0.9903579494
0.9781952636
0.9719168402
0.9716071422
0.9640617723
0.9709314374
0.9734934846
0.9714382160
0.9767030823
0.9727333168
0.9862474121
0.9796311363
0.9727333168
0.9777447938
0.9764496930
0.9703965045
0.9784768073
0.9729585517
0.9682286184
0.9872328148
0.9643433160
0.9736342565
0.9776321763
0.9716634509
0.9699178803
0.9793495926
0.9692703299
0.9829533513
0.9712129811
0.9690169406
0.9682849271
0.9674121418
0.9757739882
0.9692984842
0.9741691894
0.9733527128
0.9813203982
0.9706498938
0.9812640894
0.9711285180
0.9769283172
0.9854027811
0.9793214382
0.9776321763
0.9713819073
0.9747041223
0.9728740886
0.9789272771
0.9805039216
0.9776603307
0.9653568731
0.9814048613
0.9805883847
0.9654413362
0.9764496930
0.9816582505
0.9802223779
0.9703120414
0.9796874450
0.9725080819
0.9787020422
0.9711566723
0.9740847263
0.9712692898
0.9707343569
0.9702275783
0.9801097605
0.9741410350
0.9687917057
0.9817427136
0.9851212375
0.9734090215
0.9771817065
0.9707906656
0.9738313370
0.9737468739
0.9807010021
0.9864163383
0.9682286184
0.9712974442
0.9721420751
0.9767312366
0.9783078811
0.9691858668
0.9755205989
0.9774350958
0.9780826462
0.9714100616
0.9751264378
0.9771253978
0.9718323771
0.9700586521
0.9745351962
0.9760836862
0.9752953640
0.9807010021
0.9687072426
0.9705935850
0.9733808672
0.9729303973
0.9836572105
0.9817427136
0.9620628124
0.9770690890
0.9716352965
0.9709595918
0.9760273775
0.9754361358
0.9709595918
0.9749293573
0.9727333168
0.9740565719
0.9738594914
0.9771535521
0.9758584513
0.9696644910
0.9664830477
0.9739439545
0.9798000624
0.9726488537
0.9674121418
0.9699178803
0.9712411354
0.9750138204
0.9694111017
0.9703965045
0.9740002632
0.9745633505
0.9667364370
0.9702275783
0.9805320759
0.9789272771
0.9750419747
0.9661451953
0.9601764699
0.9741973438
0.9690732493
0.9671587525
0.9751545922
0.9756613708
0.9794059013
0.9733527128
0.9759429144
0.9674402961
0.9742536525
0.9708469743
0.9821087204
0.9710722092
0.9787865053
0.9691577124
0.9712974442
0.9760555319
0.9757458339
0.9772380152
0.9585716711
0.9672150612
0.9757176795
0.9827562708
0.9745070418
0.9813767069
0.9740565719
0.9664548934
0.9622035842
0.9740847263
0.9706217394
0.9746759680
0.9761118406
0.9781952636
0.9738031827
0.9807010021
0.9776040220
0.9751827466
0.9762807668
0.9680596922
0.9770127803
0.9779137200
0.9865852645
0.9689043231
0.9692140211
0.9722546926
0.9696363366
0.9754079815
0.9702275783
0.9660888866
0.9809262371
0.9696644910
0.9727614711
0.9790398946
0.9653850275
0.9703120414
0.9776884851
0.9730993235
0.9700868065
0.9791806664
0.9771535521
0.9745070418
0.9757739882
0.9727896255
0.9705654307
0.9643433160
0.9788991228
0.9746759680
0.9696363366
0.9702557326
0.9743662700
0.9699460346
0.9727614711
0.9714382160
0.9818553311
0.9709595918
0.9755487533
0.9692421755
0.9737468739
0.9765904648
0.9680033834
0.9754079815
0.9783641898
0.9700023434
0.9634705306
0.9722546926
0.9738313370
0.9653850275
0.9718605315
0.9639773092
0.9727333168
0.9775477132
0.9781952636
0.9710440549
0.9741410350
0.9783078811
0.9749012029
0.9778292569
0.9782797267
0.9780544918
0.9667645914
0.9585998255
0.9700304977
0.9737750283
0.9731556323
0.9703965045
0.9738313370
0.9703683501
0.9660325779
0.9669335176
0.9764215386
0.9767312366
0.9769283172
0.9720857664
0.9713255985
0.9689606319
0.9632171414
0.9756613708
0.9721420751
0.9743662700
0.9737750283
0.9772661696
0.9779418743
0.9806165390
0.9775195589
0.9775195589
0.9824184184
0.9793214382
0.9656947255
0.9706780481
0.9781671093
0.9763370755
0.9700304977
0.9851212375
0.9613871076
0.9729867061
0.9784768073
0.9755769077
0.9757176795
0.9703401957
0.9682004640
0.9716916053
0.9852620093
0.9722546926
0.9762807668
0.9737187196
0.9751827466
0.9865571101
0.9756613708
0.9757176795
0.9711848267
0.9712411354
0.9658354973
0.9701431152
0.9763933843
0.9730993235
0.9790962033
0.9736342565
0.9750701291
0.9729303973
0.9807010021
0.9716071422
0.9675247592
0.9613307989
0.9777729482
0.9650753295
0.9755769077
0.9700868065
0.9706780481
0.9670179807
0.9736905652
0.9803913041
0.9729867061
0.9680033834
0.9769001628
0.9770127803
0.9749575116
0.9629919064
0.9682286184
0.9654131818
0.9792088208
0.9666519739
0.9757458339
0.9713537529
0.9694955648
0.9740284176
0.9726488537
0.9705654307
0.9658354973
0.9688480144
0.9859658684
0.9776040220
0.9786738878
0.9725643906
0.9761399950
0.9727333168
0.9782797267
0.9682004640
0.9737187196
0.9803068410
0.9644559334
0.9792369751
0.9660044235
0.9752672096
0.9826718077
0.9733245585
0.9812359351
0.9722546926
0.9688480144
0.9731837866
0.9714382160
0.9711848267
0.9707343569
0.9772098608
0.9741128807
0.9706498938
0.9798563712
0.9786457335
0.9706498938
0.9729022430
0.9696081822
0.9664830477
0.9740002632
0.9739721089
0.9748730485
0.9757176795
0.9736905652
0.9728459342
0.9839387541
0.9737750283
0.9725362362
0.9767593910
0.9720857664
0.9750982835
0.9750138204
0.9754361358
0.9745351962
0.9746196593
0.9674966049
0.9844455327
0.9748730485
0.9611618727
0.9726206993
0.9725925450
0.9734934846
0.9691858668
0.9670179807
0.9774350958
0.9711285180
0.9785331160
0.9715508334
0.9708188200
0.9664267390
0.9729867061
0.9804476128
0.9758584513
0.9757739882
0.9794340557
0.9754642902
0.9799126799
0.9807573109
0.9753235184
0.9669616719
0.9766467735
0.9716916053
0.9691295580
0.9768720085
0.9663985846
0.9735779477
0.9806446934
0.9788709684
0.9792651295
0.9673276787
0.9676655311
0.9712411354
0.9717760684
0.9675247592
0.9764778474
0.9712129811
0.9616404969
0.9671024437
0.9807010021
0.9697489541
0.9694392561
0.9719168402
0.9813485525
0.9736905652
0.9792369751
0.9831785863
0.9713255985
0.9723110013
0.9847270763
0.9681723096
0.9691014037
0.9786175791
0.9774914045
0.9739721089
0.9692984842
0.9677781485
0.9763089212
0.9758584513
0.9708751287
0.9721420751
0.9766467735
0.9634423763
0.9783641898
0.9707062025
0.9716071422
0.9834882843
0.9690450949
0.9656384168
0.9763370755
0.9706780481
0.9582056644
0.9758584513
0.9758866057
0.9777166394
0.9673839874
0.9704528132
0.9744788874
0.9733808672
0.9740002632
0.9756895251
0.9803631497
0.9632452957
0.9661170410
0.9774350958
0.9742536525
0.9754642902
0.9736624108
0.9754079815
0.9743944243
0.9743381156
0.9678344572
0.9774914045
0.9689043231
0.9695237192
0.9742536525
0.9753235184
0.9814048613
0.9790962033
0.9772380152
0.9670179807
0.9747041223
0.9677499941
0.9647093227
0.9672150612
0.9811514720
0.9789272771
0.9822494922
0.9762526124
0.9750138204
0.9776884851
0.9700586521
0.9776040220
0.9693266386
0.9831504319
0.9820805660
0.9741691894
0.9700023434
0.9706217394
0.9727051624
0.9720294577
0.9654976449
0.9774069414
0.9825028815
0.9750419747
0.9777729482
0.9733808672
0.9707343569
0.9629074433
0.9753516727
0.9707906656
0.9728177799
0.9642306985
0.9764778474
0.9821650291
0.9675247592
0.9841639890
0.9707343569
0.9685101620
0.9783360355
0.9684820076
0.9742536525
0.9717197596
0.9683975445
0.9704528132
0.9671869068
0.9805883847
0.9737750283
0.9759992231
0.9631608326
0.9735779477
0.9764496930
0.9614997251
0.9766467735
0.9634423763
0.9704809676
0.9748730485
0.9709314374
0.9705372763
0.9790117402
0.9765060017
0.9749293573
0.9745351962
0.9851493918
0.9725925450
0.9777166394
0.9674966049
0.9829533513
0.9826154990
0.9739439545
0.9752672096
0.9688761688
0.9695237192
0.9805039216
0.9696644910
0.9742254981
0.9800816061
0.9738313370
0.9614434163
0.9788709684
0.9669335176
0.9730430148
0.9788709684
0.9805883847
0.9868668081
0.9725080819
0.9801942236
0.9797155993
0.9781671093
0.9733808672
0.9822494922
0.9746196593
0.9720857664
0.9745070418
0.9707625112
0.9712411354
0.9830378144
0.9629637521
0.9648500945
0.9653850275
0.9733527128
0.9807010021
0.9724799275
0.9743099612
0.9830659688
0.9743662700
0.9835164386
0.9771253978
0.9846707676
0.9769283172
0.9749575116
0.9738876458
0.9785612704
0.9781671093
0.9787865053
0.9758021426
0.9724517731
0.9773224783
0.9759147600
0.9809825458
0.9716071422
0.9788428140
0.9731556323
0.9633297588
0.9686227795
0.9733527128
0.9744507331
0.9788991228
0.9727896255
0.9665112021
0.9776040220
0.9837135192
0.9763370755
0.9828125795
0.9742536525
0.9725080819
0.9725080819
0.9802786867
0.9708469743
0.9792369751
0.9776321763
0.9716916053
0.9810107001
0.9800252974
0.9725925450
0.9716916053
0.9676936854
0.9849523113
0.9703683501
0.9725362362
0.9740002632
0.9637239199
0.9727896255
0.9732964041
0.9928636879
0.9762526124
0.9696926453
0.9647093227
0.9726206993
0.9761963037
0.9730993235
0.9685664707
0.9669335176
0.9734653303
0.9676655311
0.9756895251
0.9701712696
0.9717760684
0.9779700287
0.9727333168
0.9825591902
0.9750138204
0.9793214382
0.9743381156
0.9725925450
0.9672995243
0.9659199604
0.9762526124
0.9770972434
0.9646248596
0.9762244581
0.9683412358
0.9809262371
0.9744788874
0.9855435529
0.9656102624
0.9816864049
0.9709595918
0.9725080819
0.9754079815
0.9723954644
0.9704528132
0.9707906656
0.9734653303
0.9803913041
0.9718042227
0.9762244581
0.9729585517
0.9745633505
0.9698897259
0.9696363366
0.9674402961
0.9804476128
0.9758584513
0.9863600295
0.9676373767
0.9638928461
0.9687072426
0.9712974442
0.9784486529
0.9743944243
0.9707062025
0.9737468739
0.9710159005
0.9781108005
0.9765341561
0.9759710688
0.9747885854
0.9691858668
0.9757739882
0.9741410350
0.9702557326
0.9734934846
0.9668490545
0.9628229802
0.9751827466
0.9663985846
0.9669053632
0.9725362362
0.9659199604
0.9814611700
0.9665112021
0.9678063029
0.9699741890
0.9740284176
0.9689324775
0.9803913041
0.9709595918
0.9662296584
0.9741691894
0.9723673100
0.9673276787
0.9756895251
0.9743662700
0.9814893244
0.9765341561
0.9752390553
0.9749012029
0.9699178803
0.9763089212
0.9675529136
0.9659199604
0.9694392561
0.9681441553
0.9701994239
0.9725925450
0.9787301966
0.9707343569
0.9719731489
0.9740565719
0.9697207997
0.9718605315
0.9783360355
0.9899637883
0.9703965045
0.9803913041
0.9727896255
0.9719449946
0.9806446934
0.9753235184
0.9667364370
0.9772661696
0.9705935850
0.9735779477
0.9695237192
0.9669616719
0.9739721089
0.9766186192
0.9774069414
0.9675247592
0.9723954644
0.9656384168
0.9835164386
0.9802223779
0.9700304977
0.9734653303
0.9682286184
0.9727896255
0.9793777470
0.9772943239
0.9778011025
0.9661170410
0.9656665711
0.9748730485
0.9668772088
0.9720294577
0.9753516727
0.9763652299
0.9707906656
0.9718605315
0.9706217394
0.9721420751
0.9758021426
0.9687353969
0.9749856660
0.9743099612
0.9757739882
0.9697771084
0.9683975445
0.9646248596
0.9704809676
0.9705372763
0.9680878465
0.9720857664
0.9768156997
0.9800816061
0.9760555319
0.9741128807
0.9727896255
0.9740847263
0.9683693902
0.9750982835
0.9677218398
0.9751264378
0.9778292569
0.9718042227
0.9741410350
0.9698334172
0.9708469743
0.9675810680
0.9713255985
0.9689887862
0.9741691894
0.9698052628
0.9755205989
0.9752672096
0.9718605315
0.9725362362
0.9751264378
0.9633860675
0.9776040220
0.9761681493
0.9745070418
0.9786175791
0.9643433160
0.9655257993
0.9782234180
0.9779981831
0.9660607322
0.9677781485
0.9723391557
0.9763089212
0.9692421755
0.9713537529
0.9834038212
0.9808136196
0.9664548934
0.9697489541
0.9736342565
0.9781389549
0.9662859672
0.9660607322
0.9739721089
0.9730711692
0.9735497934
0.9796311363
0.9736905652
0.9706217394
0.9692984842
0.9719731489
0.9740002632
0.9801942236
0.9783641898
0.9645685509
0.9798000624
0.9728740886
0.9775195589
0.9616123425
0.9776321763
0.9748448942
0.9695518735
0.9730148604
0.9709595918
0.9654976449
0.9700304977
0.9769846259
0.9788428140
0.9751545922
0.9755769077
0.9759147600
0.9788428140
0.9779981831
0.9807573109
0.9683130815
0.9697489541
0.9742818069
0.9728740886
0.9793495926
0.9769283172
0.9656947255
0.9749575116
0.9775758676
0.9751827466
0.9784486529
0.9791243577
0.9857406335
0.9677218398
0.9772098608
0.9746759680
0.9693547930
0.9724517731
0.9649064033
0.9661170410
0.9665956652
0.9759710688
0.9793777470
0.9746196593
0.9818553311
0.9698615715
0.9653850275
0.9843892240
0.9807010021
0.9708751287
0.9819397942
0.9747885854
0.9649908664
0.9772943239
0.9670179807
0.9692140211
0.9657791886
0.9644840878
0.9833475125
0.9711848267
0.9745070418
0.9739721089
0.9824747271
0.9784486529
0.9703401957
0.9755205989
0.9687072426
0.9748448942
0.9761118406
0.9780544918
0.9710159005
0.9839669085
0.9726770081
0.9672432156
0.9684820076
0.9804194585
0.9737750283
0.9692703299
0.9832912037
0.9816582505
0.9592192215
0.9664267390
0.9667082826
0.9738876458
0.9666519739
0.9757176795
0.9742818069
0.9736342565
0.9701149608
0.9774069414
0.9682286184
0.9728177799
0.9774350958
0.9827844252
0.9667645914
0.9741973438
0.9687917057
0.9716071422
0.9785049616
0.9728740886
0.9683130815
0.9707625112
0.9736061021
0.9714382160
0.9804476128
0.9695237192
0.9730430148
0.9692421755
0.9822494922
0.9814611700
0.9683693902
0.9774350958
0.9642870072
0.9810388545
0.9713537529
0.9747604311
0.9682567727
0.9692421755
0.9786457335
0.9649908664
0.9634986850
0.9691577124
0.9733527128
0.9748167398
0.9677499941
0.9759429144
0.9786175791
0.9671024437
0.9756332164
0.9694392561
0.9680315378
0.9600920068
0.9755487533
0.9645403965
0.9802786867
0.9754361358
0.9729303973
0.9748167398
0.9691014037
0.9771817065
0.9662578128
0.9729867061
0.9677218398
0.9781389549
0.9656947255
0.9760273775
0.9761399950
0.9769564716
0.9748448942
0.9741410350
0.9717760684
0.9876551303
0.9710440549
0.9792932839
0.9761118406
0.9693547930
0.9738594914
0.9768438541
0.9698334172
0.9664548934
0.9763933843
0.9745915049
0.9705372763
0.9755205989
0.9711003636
0.9702557326
0.9676092223
0.9788991228
0.9767593910
0.9663985846
0.9774632501
0.9784204985
0.9720013033
0.9702275783
0.9760555319
0.9767875454
0.9822494922
0.9646248596
0.9729585517
0.9624006648
0.9658918060
0.9709032830
0.9690169406
0.9751545922
0.9698052628
0.9773506327
0.9705935850
0.9736342565
0.9675529136
0.9793495926
0.9719168402
0.9776040220
0.9720576120
0.9781671093
0.9650471751
0.9716071422
0.9792369751
0.9732964041
0.9796592906
0.9669053632
0.9711285180
0.9743381156
0.9733245585
0.9755769077
0.9677781485
0.9747322767
0.9792651295
0.9696363366
0.9688761688
0.9697489541
0.9676373767
0.9763933843
0.9765060017
0.9834038212
0.9796029819
0.9699178803
0.9691577124
0.9740565719
0.9719731489
0.9683412358
0.9742254981
0.9687072426
0.9692140211
0.9663985846
0.9717479140
0.9788146597
0.9798000624
0.9621472755
0.9729022430
0.9665393564
0.9787301966
0.9661170410
0.9768720085
0.9792932839
0.9743944243
0.9664548934
0.9681441553
0.9669616719
0.9740565719
0.9845863045
0.9678907660
0.9657228799
0.9747041223
0.9714382160
0.9751827466
0.9721983838
0.9752953640
0.9676655311
0.9723954644
0.9639491548
0.9694674104
0.9750419747
0.9726206993
0.9652442556
0.9757739882
0.9712411354
0.9740847263
0.9763089212
0.9783078811
0.9742254981
0.9715789878
0.9642870072
