0.9957459912
1.0016420838
0.9953413574
0.9993876955
0.9925667256
0.9980292820
0.9973356240
0.9988096472
0.9869596572
1.0069023233
0.9977691603
0.9928268474
1.0021045225
0.9964685516
0.9934048957
0.9962951371
0.9924511160
1.0117290266
1.0047924470
1.0010929380
0.9946187971
1.0010351331
1.0002258655
1.0032317166
0.9971622096
0.9946766019
1.0064976895
1.0008906211
0.9891851431
1.0009195235
0.9994165979
0.9940985536
1.0010351331
1.0084919561
1.0060641533
1.0033473263
1.0014397669
0.9968442830
1.0026825708
1.0082896392
0.9949078212
0.9963818444
1.0047635446
1.0108908565
0.9910638001
1.0059196412
1.0023646442
0.9997634269
0.9900811180
1.0026825708
1.0040987891
0.9936939198
0.9894741673
0.9908325807
0.9866995354
1.0011507428
0.9995322076
0.9957748937
1.0051681784
1.0045323253
0.9889539238
1.0028559853
0.9970755023
0.9979425748
0.9968731854
0.9977113554
0.9963529419
0.9954569671
1.0059485436
1.0015264742
1.0002836703
0.9957170888
1.0068156161
0.9971333071
0.9970755023
0.9974223313
1.0059774460
0.9988096472
0.9889539238
0.9955436743
1.0007750114
1.0013819621
0.9959772106
0.9955436743
0.9868729499
0.9867284379
1.0064398847
1.0069890306
1.0039253746
0.9968731854
1.0040120818
0.9992431834
0.9971622096
0.9952835526
0.9968731854
0.9933759932
0.9989541593
0.9952257478
0.9974512337
1.0015264742
1.0023935466
1.0004570848
0.9983183061
0.9987518424
0.9975668434
1.0037230577
0.9975379410
0.9995322076
1.0058040316
1.0051970808
1.0068156161
0.9940407488
1.0052548857
0.9856301461
0.9983472086
0.9990986713
1.0076537861
0.9992142810
1.0026536684
0.9973934289
0.9930291643
0.9986940375
1.0060352509
0.9990697689
1.0008328162
1.0091856141
1.0043011060
0.9874509982
0.9933470908
1.0100526865
1.0003125728
1.0052259833
0.9924800184
1.0008906211
0.9919886773
0.9992720858
1.0101682962
1.0119891483
1.0027114732
1.0062375678
1.0152551212
1.0011507428
1.0010929380
0.9947633091
0.9888961190
1.0025958635
0.9989830617
0.9967286733
1.0071913475
0.9889828262
0.9972778192
1.0028270828
0.9960639178
1.0008906211
0.9934048957
0.9960061130
1.0040987891
0.9938962367
1.0073069571
1.0014108645
0.9985784279
0.9898788011
1.0045612277
1.0055439098
0.9992431834
1.0002836703
0.9990119641
1.0031161070
1.0082896392
1.0019311080
0.9979425748
1.0057751291
1.0040120818
1.0036074480
1.0008906211
1.0059485436
0.9990408665
1.0056884219
1.0019889128
0.9980003796
0.9960639178
0.9969309902
0.9985206231
0.9990986713
0.9973067216
0.9996189148
1.0032317166
0.9925378232
0.9945031874
1.0013530597
0.9997923293
1.0094168334
1.0051392760
1.0081162247
0.9969309902
1.0001102559
1.0003703776
1.0085208585
0.9986651351
1.0013819621
1.0001680607
1.0006304993
1.0002836703
0.9970465999
1.0040409843
0.9992142810
0.9907458735
1.0062664702
1.0063820799
0.9958616009
0.9969020878
0.9974801361
1.0029426925
0.9967864782
0.9999079390
1.0004859873
1.0048791543
1.0039831794
1.0010062307
0.9957748937
1.0059485436
1.0003703776
0.9947055043
0.9968153806
0.9919886773
1.0003414752
1.0064398847
0.9992431834
0.9996189148
0.9997634269
0.9983761110
1.0021623273
0.9960350154
0.9958037961
0.9921042870
0.9998790365
1.0034340336
1.0026536684
1.0112087831
1.0073936644
0.9937517246
0.9971044047
0.9941563584
0.9930002618
1.0000813534
1.0052259833
1.0008906211
1.0062953726
1.0046479350
1.0072491523
1.0004281824
0.9980292820
1.0036941553
0.9982315989
1.0012663524
0.9960639178
1.0012374500
0.9976824530
0.9969020878
0.9962662347
0.9969598927
1.0045323253
0.9931158715
1.0016709863
0.9946766019
0.9901389228
1.0040987891
0.9944453826
1.0094457358
1.0037519601
1.0066711040
1.0058907388
1.0042433012
1.0092723213
0.9965552589
0.9950523333
0.9984339158
1.0006015969
0.9997634269
1.0053415929
1.0015553766
0.9947633091
0.9944164802
1.0023646442
0.9836069771
1.0046479350
1.0066422016
0.9886070948
0.9979714772
0.9905435566
1.0082607368
1.0014397669
0.9967286733
1.0051681784
0.9904857518
0.9996767196
1.0045323253
1.0068156161
0.9920175797
1.0046768374
1.0051392760
1.0005726945
0.9915262387
1.0009484259
1.0054283002
1.0002836703
1.0025380587
0.9930869691
1.0059196412
1.0041276915
1.0010640355
1.0072780547
1.0047346422
1.0066422016
0.9943586753
0.9932025787
1.0012663524
0.9906302638
1.0016709863
0.9910348976
0.9991275738
0.9919886773
0.9942719681
1.0000235486
0.9943586753
0.9996478172
0.9958905033
1.0012085476
0.9940407488
0.9943875778
0.9956303816
1.0004281824
0.9987807448
0.9990119641
0.9925089208
0.9948789188
0.9943008705
0.9926245305
1.0077693958
1.0009195235
0.9988385496
0.9923933111
1.0014975718
0.9906591663
1.0021045225
0.9899077035
1.0012952549
0.9922487991
1.0007750114
1.0105440276
0.9953124550
0.9943297729
1.0021334249
0.9944164802
0.9980581844
0.9996767196
0.9951679429
1.0030293997
1.0072780547
1.0055439098
1.0060352509
1.0010351331
0.9973645265
0.9973934289
1.0040987891
1.0041854963
0.9990119641
1.0076248837
0.9978269651
0.9971911120
1.0091856141
1.0010929380
0.9907169711
0.9974223313
0.9952546502
0.9970176975
0.9971622096
1.0000524510
0.9994455003
1.0036652529
0.9947055043
1.0036652529
0.9947344067
0.9951968454
0.9908036783
1.0014397669
1.0017287911
1.0018444007
0.9990697689
1.0062375678
1.0064687871
0.9911505073
0.9966997709
1.0001391583
1.0019600104
0.9959772106
0.9920464822
0.9955436743
1.0153707308
1.0031161070
1.0025091563
0.9900233131
1.0031450094
1.0013241573
0.9997634269
1.0034340336
1.0010640355
1.0022779370
1.0010062307
1.0115267097
0.9982315989
0.9976246482
0.9959194057
0.9981448917
1.0003703776
1.0006883042
1.0062375678
0.9964396492
1.0066422016
1.0001969631
1.0020178152
0.9949078212
1.0127984159
0.9994165979
0.9973067216
0.9960639178
0.9935494077
1.0075092740
0.9962662347
0.9993298907
0.9875955103
1.0046479350
1.0014108645
0.9992431834
1.0025669611
0.9880001441
0.9994165979
1.0000235486
0.9977402579
1.0047924470
1.0034918384
0.9958616009
0.9980581844
0.9997345245
1.0056017147
1.0014108645
0.9997345245
0.9973934289
1.0035207408
0.9965841613
1.0071624450
1.0079139078
1.0101104913
0.9991275738
1.0020756201
0.9954569671
0.9969598927
0.9962373323
1.0084919561
0.9922777015
0.9951101381
0.9872197789
0.9992720858
1.0006883042
1.0006594017
0.9959483081
1.0093012237
0.9952835526
1.0019889128
0.9985784279
1.0010351331
0.9913239218
1.0047057398
0.9947633091
1.0062953726
1.0047057398
1.0065843968
0.9990119641
0.9992142810
0.9908614832
1.0051103736
1.0024802539
0.9981448917
0.9942430657
1.0039253746
1.0007461090
0.9998212317
1.0034051311
0.9997634269
0.9926245305
1.0002836703
1.0021912297
0.9911505073
0.9954858695
1.0041276915
1.0020467176
1.0069890306
1.0062086654
0.9982315989
0.9970755023
1.0096769551
1.0016420838
0.9973934289
0.9948789188
0.9978847699
1.0050525688
0.9993587931
0.9963240395
0.9955725768
0.9916129459
1.0009195235
0.9973067216
0.9933470908
0.9903123373
1.0014975718
0.9969598927
1.0032317166
1.0073647620
0.9942430657
0.9930002618
1.0046768374
1.0008039138
0.9970755023
1.0016709863
1.0049658615
1.0058907388
0.9972778192
0.9945031874
0.9934627005
1.0002547679
0.9949656260
1.0027403756
1.0027692780
0.9867573403
1.0080006151
0.9992431834
0.9996189148
1.0056017147
1.0011507428
0.9967864782
0.9956303816
0.9977402579
1.0022490345
0.9922198966
0.9998501341
1.0006015969
1.0019600104
1.0022201321
0.9921620918
0.9953413574
0.9921331894
1.0083763465
1.0037230577
1.0068445185
1.0037230577
0.9974223313
0.9946476995
1.0020756201
0.9923066039
1.0055439098
1.0017287911
1.0045034229
1.0008328162
0.9990986713
1.0024224490
1.0062664702
1.0012663524
0.9996478172
0.9940985536
1.0039253746
0.9892140455
1.0028270828
0.9960061130
0.9996478172
1.0007461090
1.0039831794
1.0036941553
0.9943875778
1.0097058575
1.0061219581
1.0017287911
0.9910059952
1.0036363505
1.0000813534
0.9990697689
0.9982315989
0.9930580667
1.0038386674
1.0099370769
1.0021912297
1.0031739118
0.9989830617
1.0075092740
0.9998501341
1.0062086654
1.0041276915
1.0045034229
0.9915262387
1.0000235486
0.9896475817
0.9947633091
1.0114111000
0.9997634269
1.0024513515
1.0091278092
0.9979714772
0.9968442830
1.0035207408
0.9983761110
1.0007172066
1.0045034229
1.0007461090
0.9987518424
1.0003703776
0.9977980627
0.9943297729
1.0029137901
1.0033184239
0.9994165979
0.9998501341
1.0030872046
1.0037808625
1.0085786634
0.9960639178
0.9989252569
1.0034629360
0.9950234309
0.9987807448
1.0038675698
1.0021623273
0.9954569671
1.0024513515
0.9921909942
1.0049080567
0.9963240395
0.9958616009
0.9971044047
1.0078850054
0.9966130637
0.9943008705
0.9973645265
0.9949078212
0.9961217226
0.9981448917
0.9981448917
1.0027114732
1.0065265919
0.9985495255
0.9997345245
1.0091278092
0.9976824530
0.9928846522
0.9993587931
1.0023068394
1.0066132992
1.0056595195
1.0006015969
0.9987807448
1.0081162247
0.9883469731
1.0016998887
1.0037230577
1.0009195235
0.9984339158
1.0086075658
0.9967286733
0.9903412397
1.0029715949
1.0074225668
1.0068156161
0.9936939198
1.0054283002
0.9984917206
0.9921620918
1.0022779370
1.0056306171
1.0047635446
1.0055728122
1.0050236664
0.9997923293
0.9970176975
0.9945898947
1.0148215849
0.9940407488
0.9970465999
1.0012952549
1.0068445185
1.0025380587
1.0066711040
0.9985784279
1.0087231754
1.0045901301
0.9936072126
1.0039831794
1.0006594017
0.9944742850
1.0035785456
0.9962084299
1.0053126905
1.0025380587
1.0043300084
1.0026825708
0.9971044047
1.0080584199
0.9976246482
0.9940118464
0.9985206231
1.0024224490
1.0003414752
0.9995900124
1.0087809803
0.9929424570
1.0027403756
1.0030583022
1.0028270828
0.9928268474
0.9886648996
1.0173360950
1.0117001242
1.0002836703
0.9980870868
1.0032606191
0.9969309902
1.0040120818
1.0022201321
1.0015264742
1.0105440276
0.9956014792
0.9985206231
0.9925667256
1.0025958635
0.9946766019
0.9998790365
0.9887227045
0.9914973363
1.0001969631
1.0064398847
1.0132030497
1.0002836703
1.0054283002
1.0066711040
0.9991853786
0.9996478172
1.0041565939
1.0012952549
1.0043589108
1.0056017147
0.9973356240
1.0057751291
1.0008617186
1.0077982982
0.9971911120
0.9936361150
0.9999368414
0.9974223313
1.0033762287
0.9993009882
1.0034051311
1.0025958635
0.9988096472
1.0014975718
1.0007750114
1.0003992800
1.0037519601
1.0039542770
0.9917863604
0.9930869691
0.9940118464
1.0018154983
1.0022490345
1.0050814712
0.9940118464
0.9954858695
1.0038675698
0.9931736763
1.0057751291
0.9951390405
0.9852255123
1.0027403756
0.9948211140
0.9930002618
1.0013530597
1.0038675698
0.9994455003
0.9983183061
0.9947055043
0.9957170888
0.9938384319
0.9928557498
0.9971044047
1.0089543948
0.9997923293
1.0058329340
0.9987807448
1.0003414752
0.9946476995
1.0013241573
1.0043589108
1.0043011060
1.0045901301
0.9991853786
0.9978269651
0.9944453826
1.0024224490
0.9894163624
1.0023357418
0.9963529419
1.0055728122
0.9985784279
1.0049080567
1.0034629360
1.0024513515
1.0087809803
0.9940118464
0.9960639178
0.9950234309
0.9969020878
0.9930002618
0.9943586753
0.9997634269
1.0019600104
1.0011507428
1.0069890306
0.9984339158
0.9964685516
1.0042143987
0.9962662347
0.9940407488
0.9997056221
0.9991275738
1.0073647620
1.0104284179
0.9988963544
0.9985206231
1.0029137901
0.9921909942
1.0040120818
0.9916996532
0.9970465999
1.0048791543
0.9958037961
0.9934048957
0.9990697689
0.9981737941
1.0073069571
1.0037808625
0.9975668434
0.9997056221
0.9914395315
1.0024802539
1.0019889128
1.0038964722
0.9926245305
1.0034918384
1.0037808625
1.0081740296
0.9910059952
0.9972200144
0.9978269651
0.9910638001
1.0028559853
1.0045612277
1.0021912297
1.0108041493
1.0061797629
1.0023357418
1.0022779370
1.0055150074
1.0060930557
1.0046190326
0.9943586753
0.9938384319
1.0040120818
1.0053993978
0.9960639178
0.9933759932
0.9963529419
1.0078561030
1.0024513515
0.9907458735
0.9945898947
1.0034340336
0.9834335626
1.0015842790
1.0064398847
0.9853989268
0.9887805093
1.0006883042
0.9952257478
1.0094168334
1.0056017147
0.9981448917
1.0086942730
1.0031450094
1.0071624450
1.0051392760
0.9969598927
0.9941563584
1.0063242750
0.9945320898
1.0098503696
1.0053415929
1.0038097649
1.0029426925
1.0001680607
0.9997056221
1.0024513515
0.9975957458
0.9930869691
1.0010062307
1.0050525688
1.0010351331
1.0062375678
0.9911794097
0.9965841613
0.9936361150
1.0098503696
0.9925956280
1.0052548857
0.9849075857
0.9968442830
1.0004570848
1.0001969631
0.9907169711
1.0020756201
0.9966130637
0.9991564762
1.0090411020
1.0079717127
0.9980292820
0.9989830617
1.0060352509
1.0026536684
0.9984339158
1.0017865959
1.0049080567
0.9960061130
0.9933470908
1.0050236664
1.0005437921
1.0066711040
0.9898209962
1.0020178152
1.0010640355
0.9992431834
0.9960350154
0.9959194057
0.9966708685
1.0083474441
1.0017865959
1.0020756201
0.9930291643
0.9862370968
0.9942430657
0.9995900124
0.9923644087
1.0044456181
1.0003703776
1.0085497610
0.9915262387
1.0025958635
0.9998790365
0.9916707508
1.0060930557
0.9973067216
1.0042433012
0.9967864782
1.0039542770
1.0019311080
0.9961506250
1.0107174421
1.0023357418
1.0059196412
1.0087231754
1.0049080567
0.9979714772
1.0003125728
1.0023646442
0.9988674520
0.9985495255
0.9971622096
1.0018444007
1.0058907388
0.9916129459
0.9980581844
0.9953702599
0.9992431834
1.0041276915
1.0001102559
1.0007172066
0.9973645265
1.0033184239
0.9907458735
0.9980292820
1.0008039138
1.0001102559
1.0010929380
1.0007461090
0.9991275738
0.9990986713
0.9974801361
0.9947055043
1.0082029320
0.9949656260
0.9960928202
1.0082607368
0.9975379410
0.9991853786
1.0011218404
0.9952257478
1.0043878132
0.9910348976
1.0011796452
0.9946476995
1.0030004973
0.9889539238
1.0004281824
1.0014686694
0.9913239218
1.0128562207
0.9962662347
0.9935494077
0.9971911120
1.0084919561
1.0003703776
0.9938384319
0.9977113554
0.9935783101
1.0022779370
0.9981448917
0.9986651351
1.0021334249
0.9913239218
1.0117001242
1.0102839058
1.0083185416
1.0053704953
0.9935494077
1.0097925648
1.0043589108
0.9999657438
1.0034629360
1.0064398847
0.9887227045
0.9983472086
0.9954280647
0.9999079390
0.9947055043
1.0080295175
0.9910927025
0.9917285556
1.0002547679
1.0035207408
0.9867862427
0.9947633091
1.0037230577
1.0046768374
0.9956881864
0.9966419661
1.0056017147
0.9993009882
0.9943008705
0.9949367236
0.9992720858
0.9992431834
1.0059485436
1.0044456181
0.9978558675
0.9995033052
0.9954858695
1.0020467176
0.9944742850
1.0123937821
0.9967286733
1.0012085476
1.0097925648
0.9924511160
1.0021334249
0.9952546502
0.9986362327
0.9964685516
1.0040120818
0.9966997709
1.0051970808
0.9962951371
0.9970465999
0.9995033052
1.0041854963
1.0030004973
1.0095324431
1.0019600104
1.0062953726
0.9947055043
1.0032028142
0.9971911120
1.0075092740
1.0038964722
0.9907747759
1.0018444007
0.9913239218
0.9999946462
1.0036363505
1.0057462267
1.0096191503
1.0072780547
0.9995322076
0.9893007528
0.9988096472
0.9999946462
0.9965263564
1.0038097649
0.9993009882
1.0051970808
0.9925378232
1.0018733032
1.0081451271
1.0027403756
0.9929713594
1.0071046402
1.0092145165
0.9985784279
1.0028848877
1.0092434189
0.9996767196
1.0043589108
1.0127695135
1.0033473263
1.0011218404
1.0016709863
1.0063242750
0.9987518424
0.9951968454
1.0025091563
1.0053704953
0.9957459912
1.0068734209
0.9950812357
0.9971044047
0.9966997709
0.9938962367
1.0036652529
1.0003992800
1.0117001242
0.9937517246
1.0053126905
1.0093301262
0.9949945285
1.0074514692
0.9965841613
1.0008906211
1.0026536684
0.9953413574
1.0006594017
0.9967575758
0.9983183061
0.9994165979
1.0001680607
1.0034629360
1.0009195235
1.0104284179
0.9974512337
1.0086075658
0.9939251391
1.0031161070
1.0013819621
1.0038675698
1.0020178152
1.0077982982
0.9987518424
0.9979425748
1.0102550034
0.9976246482
1.0026536684
1.0091278092
0.9933759932
1.0008906211
1.0070468354
1.0061508605
1.0012085476
0.9969309902
1.0046768374
0.9966419661
0.9912372145
0.9938384319
1.0069312257
1.0046479350
0.9995900124
0.9935783101
0.9906591663
1.0063242750
1.0012374500
1.0054572026
1.0046190326
0.9997056221
0.9846763664
0.9947055043
1.0101393938
0.9923644087
0.9982026965
1.0065265919
1.0090989068
1.0022490345
1.0037808625
0.9997345245
1.0006883042
1.0020467176
0.9969887951
1.0030004973
1.0066422016
0.9997923293
0.9962951371
1.0006015969
0.9989830617
1.0055728122
0.9971044047
1.0008328162
1.0020467176
1.0012085476
1.0051970808
1.0047635446
0.9938673343
1.0003414752
1.0049658615
1.0116423193
1.0015842790
1.0001102559
1.0014975718
1.0056595195
1.0020756201
0.9962662347
0.9987518424
1.0002836703
0.9988096472
1.0008617186
1.0008906211
0.9992720858
0.9959772106
0.9999079390
0.9966130637
0.9927979449
0.9972200144
1.0014108645
0.9948211140
1.0056595195
0.9987229400
1.0058618364
0.9888961190
1.0029426925
1.0028270828
0.9992142810
1.0064109823
1.0016709863
0.9976246482
0.9978558675
1.0002258655
1.0017576935
1.0015264742
0.9997923293
1.0013241573
0.9907747759
0.9962084299
0.9978558675
1.0016420838
1.0022779370
1.0038097649
1.0024513515
0.9966708685
0.9977402579
0.9999946462
0.9958905033
1.0085786634
1.0003125728
1.0073936644
1.0077404933
0.9947633091
0.9981737941
0.9999657438
0.9942719681
0.9956881864
1.0033184239
0.9950234309
1.0018154983
0.9963529419
1.0071913475
1.0049658615
0.9981737941
1.0108041493
0.9966708685
1.0101104913
0.9971333071
0.9923355063
1.0034918384
0.9993587931
0.9989541593
0.9998501341
1.0091567117
0.9957748937
1.0004859873
1.0014108645
0.9832023433
0.9983761110
1.0087231754
1.0012085476
1.0023068394
1.0008328162
1.0014975718
0.9985495255
1.0046190326
0.9971911120
0.9977691603
0.9976535506
0.9998790365
1.0054861050
1.0010351331
0.9997345245
0.9923933111
0.9965263564
1.0039542770
1.0062375678
0.9986362327
0.9999946462
1.0110931734
0.9936939198
0.9978558675
1.0015553766
0.9973067216
0.9942719681
1.0023646442
1.0041565939
0.9987518424
0.9886359972
0.9980292820
1.0099370769
0.9881446562
0.9905435566
0.9938673343
1.0051970808
0.9910638001
1.0006883042
1.0012085476
0.9970755023
0.9993876955
1.0003414752
0.9924800184
1.0015264742
0.9937806270
1.0062375678
1.0021912297
0.9966130637
1.0050236664
1.0065843968
0.9984339158
0.9965263564
1.0047635446
1.0014975718
1.0042722036
1.0049369591
1.0018444007
0.9974801361
0.9983761110
0.9954858695
0.9956014792
0.9990986713
1.0042143987
1.0036074480
1.0040120818
0.9928268474
1.0060930557
0.9990986713
1.0037519601
0.9937517246
1.0125960990
0.9944453826
0.9979714772
0.9958326985
1.0000524510
0.9928846522
1.0032028142
0.9962951371
0.9989830617
1.0093012237
0.9960061130
0.9989830617
1.0019889128
1.0049947639
1.0032606191
1.0103417107
0.9940118464
0.9976824530
1.0040120818
1.0035496432
1.0069312257
0.9958037961
0.9980003796
1.0027981804
1.0017576935
0.9968731854
0.9993298907
0.9969598927
0.9969020878
0.9927112377
1.0142435366
0.9999368414
1.0012663524
1.0018444007
1.0058618364
1.0064109823
1.0083185416
1.0058907388
1.0029137901
1.0010929380
1.0058040316
0.9977113554
0.9993876955
0.9966708685
1.0084341513
0.9993009882
0.9919597749
1.0008617186
0.9959194057
1.0075959813
0.9952546502
1.0063531774
0.9946476995
0.9887805093
1.0050814712
1.0034918384
1.0019600104
1.0038964722
0.9963240395
0.9943586753
0.9934048957
0.9982605013
0.9929713594
1.0058040316
1.0021912297
1.0064687871
0.9982026965
1.0021912297
1.0020756201
0.9947633091
0.9940118464
0.9973067216
0.9997345245
1.0041565939
0.9862659992
0.9993876955
0.9938095295
1.0019889128
0.9975957458
1.0130007328
0.9970755023
0.9943586753
1.0086942730
1.0001969631
1.0064976895
0.9968153806
0.9981448917
1.0093301262
1.0026247659
0.9890117286
0.9969887951
1.0010062307
0.9914973363
1.0064976895
0.9906880687
0.9978269651
1.0005148897
1.0078272006
0.9962373323
0.9955436743
0.9926534329
1.0019889128
0.9982894037
0.9945320898
1.0056884219
1.0009484259
1.0008906211
0.9924511160
1.0008617186
1.0083474441
0.9987807448
1.0005148897
1.0015264742
1.0004281824
1.0010351331
1.0114689048
1.0015842790
1.0069601281
1.0022779370
1.0019311080
0.9976535506
1.0003703776
0.9962662347
0.9896475817
1.0038386674
1.0021334249
0.9955436743
1.0108619541
1.0156597550
1.0022201321
1.0012085476
1.0013819621
0.9994744027
1.0001969631
0.9935205053
1.0051103736
0.9995900124
0.9993009882
1.0117001242
0.9953413574
1.0094457358
0.9987518424
0.9980292820
0.9995900124
1.0027403756
1.0016709863
1.0008617186
1.0017576935
0.9849364881
1.0072780547
0.9963818444
0.9901389228
0.9927401401
0.9963240395
0.9895319721
1.0036941553
0.9961506250
0.9984050134
0.9950234309
1.0082318344
1.0012085476
1.0044456181
0.9980292820
1.0020178152
1.0046479350
0.9917863604
1.0002836703
1.0023935466
1.0038097649
1.0010640355
1.0038964722
0.9947055043
1.0106885396
1.0006883042
0.9931158715
1.0007461090
0.9959483081
1.0035207408
1.0039831794
1.0007461090
0.9977691603
1.0025091563
1.0011218404
0.9973356240
1.0007172066
0.9913528242
1.0033184239
1.0008039138
0.9973356240
0.9933759932
1.0077404933
0.9969887951
1.0044167157
1.0000524510
1.0019311080
0.9993009882
0.9944742850
1.0024513515
1.0060930557
1.0017576935
1.0015264742
1.0067867137
1.0051392760
0.9972200144
0.9909481904
0.9975379410
1.0081740296
1.0040409843
1.0077404933
0.9966419661
0.9888383141
0.9971911120
0.9986073303
1.0102261010
0.9909770928
1.0045612277
1.0071335426
1.0069601281
1.0072780547
0.9940407488
1.0000813534
1.0093590286
1.0044167157
1.0009484259
1.0042722036
1.0104862227
0.9990408665
0.9956881864
0.9969887951
0.9999079390
1.0030583022
0.9897342890
0.9974801361
0.9990119641
1.0093879310
1.0125671966
0.9975379410
1.0087520779
1.0023068394
0.9989541593
1.0084341513
1.0100237841
0.9883469731
1.0076248837
0.9963529419
0.9913239218
1.0070468354
0.9985206231
0.9933181884
1.0004859873
0.9942430657
1.0044456181
0.9926245305
0.9887227045
1.0036074480
0.9965263564
0.9890117286
0.9997923293
1.0035207408
1.0051392760
0.9995322076
1.0014975718
1.0021334249
1.0013241573
1.0010640355
1.0013241573
1.0015264742
0.9990986713
1.0030583022
0.9932892860
1.0075381764
0.9971044047
1.0045612277
0.9904857518
0.9989252569
0.9995033052
1.0026247659
0.9908036783
1.0071046402
0.9976535506
1.0036941553
0.9975379410
1.0025091563
0.9923355063
1.0013530597
1.0007172066
0.9941274560
0.9936072126
0.9954858695
0.9971911120
0.9974512337
0.9969309902
0.9972778192
0.9936939198
1.0017576935
0.9835202698
0.9899655083
0.9916707508
0.9908325807
0.9927979449
0.9974801361
0.9995033052
1.0001680607
0.9913817266
0.9952257478
1.0060930557
1.0012085476
1.0006594017
1.0042433012
1.0074803716
0.9945320898
1.0014686694
0.9989252569
1.0021045225
0.9913528242
0.9938095295
1.0002547679
1.0070757378
1.0012663524
1.0008906211
1.0023935466
0.9909770928
1.0064687871
0.9987229400
0.9990408665
0.9988674520
1.0061508605
1.0072202499
0.9956303816
1.0006304993
1.0032028142
0.9982894037
1.0057751291
1.0004570848
0.9939829439
0.9932314812
1.0085208585
0.9973067216
1.0009484259
0.9985784279
1.0077404933
0.9945898947
1.0057751291
0.9953124550
0.9923933111
0.9979136723
1.0165268274
0.9949945285
0.9989541593
0.9920464822
0.9994165979
0.9920753846
0.9964396492
0.9923644087
1.0043300084
0.9889539238
0.9976824530
1.0035785456
0.9913239218
0.9946187971
1.0025958635
0.9995322076
1.0098503696
1.0061797629
1.0012374500
1.0054572026
1.0045612277
0.9994744027
0.9997923293
0.9958326985
0.9949656260
1.0035207408
1.0019311080
0.9966130637
0.9926245305
1.0033184239
1.0036363505
0.9950523333
1.0035207408
1.0100237841
0.9994165979
0.9981737941
0.9951101381
1.0090989068
1.0054572026
1.0036363505
0.9989541593
0.9984050134
1.0040409843
1.0028559853
1.0011507428
1.0019022056
0.9957459912
1.0060930557
0.9899077035
1.0064687871
0.9986940375
0.9966419661
0.9953991623
0.9934048957
1.0045612277
0.9890117286
0.9996478172
0.9978558675
0.9984917206
1.0026825708
0.9975957458
0.9942430657
0.9948789188
1.0060063485
0.9973067216
1.0037808625
0.9921909942
1.0004281824
0.9984917206
1.0071046402
0.9984628182
0.9949367236
0.9946187971
1.0063531774
0.9981448917
0.9963818444
1.0012374500
0.9951390405
0.9968153806
0.9934627005
1.0122203676
1.0037230577
1.0006883042
1.0139545125
0.9993587931
0.9971333071
1.0049658615
0.9896764842
1.0005726945
0.9995033052
0.9986940375
0.9984628182
0.9987518424
1.0119891483
0.9998501341
1.0069312257
0.9988963544
1.0072780547
0.9837225867
0.9999368414
1.0036941553
0.9984917206
0.9963818444
0.9943008705
0.9968153806
0.9890695334
1.0071913475
0.9932892860
0.9945898947
0.9994455003
0.9978847699
1.0002547679
0.9939829439
0.9998501341
0.9999657438
0.9995033052
1.0083474441
1.0042722036
0.9999079390
0.9975957458
0.9983472086
1.0043878132
0.9942719681
0.9907169711
0.9969598927
1.0002547679
1.0022490345
0.9975957458
1.0054283002
0.9966130637
0.9926245305
1.0028270828
1.0061219581
0.9976535506
0.9996478172
0.9976246482
0.9993298907
0.9952257478
0.9943297729
1.0016131814
0.9962662347
1.0000524510
1.0046190326
1.0043011060
0.9972200144
1.0014686694
1.0003414752
0.9965552589
0.9997056221
1.0106018324
1.0088965899
0.9982315989
0.9951968454
0.9953413574
0.9991564762
1.0110642710
0.9984917206
0.9995611100
1.0032317166
0.9978558675
1.0044167157
1.0078850054
1.0134631715
0.9996189148
0.9931447739
1.0037230577
1.0066132992
0.9945609922
1.0012374500
1.0006015969
0.9925667256
0.9986651351
1.0036363505
1.0105440276
1.0090121996
1.0049080567
1.0001102559
0.9985495255
1.0058040316
0.9959483081
1.0042433012
0.9926823353
0.9946187971
0.9973356240
1.0030872046
1.0013241573
1.0043300084
0.9934916029
0.9979425748
1.0000235486
0.9922198966
1.0016709863
0.9922487991
1.0131452449
0.9975668434
1.0001102559
1.0004570848
0.9996189148
1.0011796452
0.9977402579
1.0012952549
1.0105729300
1.0046190326
0.9968442830
0.9995033052
0.9909192880
0.9987518424
0.9991564762
0.9998790365
1.0019600104
1.0060930557
0.9979425748
0.9996767196
0.9995033052
1.0023068394
1.0015264742
1.0018444007
1.0040987891
0.9980292820
1.0022201321
1.0017865959
1.0012374500
0.9991853786
0.9969887951
0.9997056221
1.0022201321
0.9949078212
1.0019311080
1.0067578112
0.9981448917
0.9910638001
1.0010062307
0.9926823353
0.9955436743
0.9997923293
0.9951101381
0.9960350154
1.0035785456
1.0088676875
0.9904857518
0.9928846522
0.9942430657
1.0035785456
1.0016420838
1.0037230577
0.9981737941
0.9975090385
1.0029426925
0.9962373323
1.0047057398
1.0043011060
0.9947055043
1.0020467176
1.0098214672
0.9991564762
0.9988096472
0.9975379410
0.9990986713
1.0111798807
1.0050525688
1.0065554943
1.0032028142
1.0053126905
1.0081162247
0.9863816089
0.9984339158
1.0053126905
0.9959194057
0.9987229400
0.9999368414
0.9996767196
1.0021912297
1.0113243928
1.0044167157
0.9900522155
1.0002258655
1.0131452449
1.0037808625
1.0026825708
1.0011507428
1.0009484259
0.9892429479
0.9945898947
1.0020467176
0.9988674520
0.9932892860
0.9900522155
1.0042433012
0.9903412397
0.9964396492
1.0016709863
0.9954569671
0.9954280647
0.9955147719
1.0032895215
0.9971622096
1.0044745205
1.0013819621
1.0061797629
0.9985495255
1.0004859873
0.9998790365
0.9962373323
0.9969887951
0.9962084299
0.9987807448
1.0094457358
0.9968731854
0.9852544147
1.0003414752
0.9982894037
1.0004281824
0.9984339158
0.9984050134
0.9946476995
0.9993587931
0.9865261210
0.9903990445
1.0027403756
0.9990697689
0.9972489168
0.9966419661
0.9985495255
0.9947344067
1.0004570848
1.0053993978
1.0015553766
0.9964685516
1.0026825708
1.0034629360
1.0075092740
0.9987229400
1.0010640355
1.0022779370
1.0089832972
0.9909770928
0.9980292820
1.0086942730
0.9935494077
1.0046479350
0.9962662347
1.0028559853
1.0011796452
0.9955725768
0.9987229400
1.0010929380
1.0032028142
0.9982315989
0.9924511160
0.9935205053
0.9985206231
1.0004570848
1.0066422016
1.0049947639
0.9925956280
0.9981737941
0.9975090385
0.9944453826
0.9936072126
0.9991853786
0.9912372145
0.9898788011
0.9969309902
1.0009195235
0.9975379410
0.9957459912
0.9934627005
1.0083474441
1.0031161070
0.9986362327
1.0083185416
0.9969309902
0.9962951371
1.0032895215
0.9981159892
1.0002836703
0.9912661170
0.9952835526
1.0050525688
1.0090700044
1.0043878132
0.9946766019
0.9988963544
0.9987229400
1.0113243928
0.9963240395
1.0002258655
0.9967864782
1.0048502519
0.9949367236
1.0039253746
0.9936650174
0.9993298907
0.9972778192
0.9985495255
0.9989830617
0.9978558675
0.9985495255
0.9960639178
1.0020756201
0.9988385496
0.9968153806
0.9936939198
0.9930002618
0.9982894037
1.0094457358
0.9938384319
0.9955436743
1.0050236664
1.0039542770
1.0011507428
0.9980292820
0.9925089208
0.9924511160
1.0041565939
0.9931447739
1.0080295175
0.9996478172
1.0059774460
0.9981737941
0.9968153806
1.0062086654
0.9984628182
1.0031450094
1.0081162247
1.0030293997
0.9969598927
0.9998790365
1.0004570848
0.9829422215
1.0036363505
1.0019600104
1.0107463445
1.0061219581
1.0010640355
0.9874220958
0.9922777015
1.0066132992
0.9917574580
0.9966419661
0.9981159892
0.9996767196
0.9901678252
0.9969020878
0.9996189148
0.9990986713
0.9973067216
0.9922777015
0.9963818444
1.0004570848
0.9943586753
0.9905435566
0.9945320898
0.9901100204
1.0062664702
1.0117290266
0.9978558675
1.0044456181
1.0040698867
0.9998501341
1.0008039138
1.0059774460
0.9968731854
0.9869596572
0.9870752668
0.9990697689
1.0030293997
1.0064398847
0.9957459912
1.0043011060
1.0059485436
1.0059774460
0.9891851431
0.9920464822
0.9972200144
1.0015553766
0.9935494077
1.0024802539
0.9974512337
0.9975668434
1.0023068394
1.0007172066
1.0002836703
0.9997056221
0.9975379410
1.0070757378
1.0016998887
1.0074803716
1.0092434189
1.0052837881
1.0067289088
0.9960350154
1.0087809803
0.9966130637
0.9947922116
1.0028559853
1.0027403756
1.0013530597
1.0022490345
1.0073358595
1.0039831794
1.0062375678
0.9939540415
0.9942719681
0.9995611100
1.0008617186
1.0017576935
0.9976535506
0.9946476995
0.9994455003
0.9950523333
0.9938384319
1.0008617186
1.0086942730
0.9976246482
0.9995033052
1.0004281824
0.9854278292
1.0029715949
0.9937228222
0.9951679429
1.0033762287
1.0020178152
1.0012374500
1.0014108645
0.9947344067
0.9999368414
0.9929424570
1.0002258655
1.0054283002
1.0055439098
0.9993298907
1.0006304993
1.0021912297
0.9967575758
0.9967286733
0.9981737941
1.0105151252
0.9993298907
1.0029715949
0.9963818444
0.9987807448
1.0014397669
1.0052259833
1.0058040316
1.0116423193
1.0031161070
0.9902834349
1.0069890306
1.0071335426
0.9985206231
0.9994455003
1.0016998887
0.9923355063
1.0030293997
1.0023935466
0.9967286733
1.0003414752
0.9917863604
0.9976824530
0.9988674520
0.9996189148
0.9980292820
0.9984917206
1.0010351331
1.0062086654
0.9975379410
0.9973067216
0.9981448917
1.0033473263
0.9947922116
1.0010351331
1.0074225668
0.9982605013
0.9960350154
0.9929713594
0.9949078212
1.0044745205
1.0000235486
0.9966997709
0.9931158715
0.9958037961
0.9940118464
1.0001391583
0.9949656260
0.9892718503
0.9995611100
1.0055439098
0.9956014792
1.0017865959
0.9962084299
1.0061219581
1.0003992800
1.0005437921
0.9938673343
1.0053415929
0.9978558675
1.0039542770
0.9953124550
0.9964974540
1.0000813534
1.0075959813
1.0017287911
0.9933181884
1.0056884219
1.0044745205
1.0052548857
0.9922487991
1.0017865959
0.9969598927
0.9953702599
1.0076248837
1.0059485436
1.0065554943
1.0017865959
1.0124804894
1.0028848877
1.0045323253
1.0067289088
0.9984339158
0.9996189148
1.0063242750
0.9927979449
1.0073069571
1.0003414752
0.9974801361
0.9984628182
1.0075092740
1.0005437921
1.0032606191
0.9983183061
0.9933759932
0.9956303816
0.9918152628
1.0025958635
1.0031450094
0.9955725768
0.9973645265
0.9932892860
1.0083474441
0.9980292820
0.9990697689
0.9971622096
1.0020178152
1.0067867137
1.0017287911
0.9914684339
1.0047924470
0.9982605013
0.9957459912
1.0034340336
0.9956592840
0.9927979449
0.9895608745
1.0001680607
0.9994165979
1.0077982982
1.0152840236
1.0056595195
1.0027403756
0.9920753846
1.0012085476
0.9945320898
0.9931158715
0.9970755023
1.0027692780
0.9921620918
0.9948211140
0.9928557498
0.9936650174
1.0053993978
0.9967575758
1.0071335426
1.0023068394
0.9991853786
0.9875955103
1.0036363505
1.0022201321
0.9941563584
1.0036074480
0.9953702599
1.0069312257
0.9997923293
0.9985784279
1.0087809803
1.0006015969
1.0023935466
1.0002258655
1.0083763465
1.0016131814
0.9946766019
0.9897342890
0.9907458735
1.0001391583
1.0055728122
0.9984050134
1.0040120818
1.0033762287
0.9918441653
0.9987229400
1.0075959813
0.9976535506
0.9984339158
1.0102550034
0.9994744027
1.0025091563
1.0007750114
1.0023935466
0.9921331894
0.9914973363
1.0128562207
0.9956881864
0.9960350154
1.0055150074
0.9981737941
0.9953702599
0.9971044047
1.0073069571
0.9999946462
0.9964685516
0.9943875778
0.9966708685
1.0021912297
0.9958616009
1.0013530597
0.9905435566
1.0096191503
0.9980003796
0.9955436743
0.9971044047
0.9980581844
0.9982894037
1.0013241573
1.0013530597
1.0057751291
1.0069890306
1.0048791543
1.0036363505
1.0064109823
1.0028848877
0.9983472086
0.9994165979
0.9933181884
1.0024224490
0.9937517246
1.0034918384
0.9955147719
0.9924800184
0.9980292820
1.0023068394
1.0044456181
1.0002547679
0.9998501341
1.0079139078
0.9978847699
1.0030004973
0.9991564762
0.9984917206
0.9926823353
0.9989830617
0.9910638001
1.0025091563
1.0019022056
0.9988674520
0.9901967276
0.9984339158
0.9969887951
1.0038964722
1.0009195235
1.0090121996
1.0024802539
0.9969598927
1.0065265919
1.0008617186
0.9993009882
1.0053993978
0.9965841613
1.0005437921
1.0042433012
0.9932314812
0.9980870868
1.0023068394
1.0057751291
1.0008617186
0.9963240395
0.9893296552
0.9932314812
0.9982026965
1.0095902479
0.9922487991
0.9858035606
0.9977402579
0.9979425748
0.9920464822
0.9998790365
1.0069890306
1.0047924470
1.0015553766
0.9983183061
1.0066422016
1.0082029320
0.9907169711
1.0046479350
0.9851099026
1.0015553766
1.0074225668
1.0005437921
1.0009773283
1.0027114732
1.0018444007
0.9965263564
0.9922198966
1.0043011060
0.9997345245
1.0029137901
0.9898788011
0.9966130637
1.0078272006
0.9956014792
1.0053415929
1.0023935466
0.9939829439
0.9942430657
0.9978847699
1.0041276915
0.9949078212
0.9987518424
1.0086364682
0.9953991623
0.9993876955
0.9933470908
0.9937228222
1.0047635446
0.9981448917
0.9841850254
0.9958905033
1.0006594017
1.0014686694
1.0041276915
0.9934337981
0.9965841613
0.9996767196
1.0036652529
1.0057462267
0.9960061130
1.0094457358
1.0071335426
0.9998501341
1.0006015969
1.0063820799
0.9978847699
1.0040987891
1.0060930557
1.0004859873
0.9990986713
1.0002836703
1.0093301262
0.9978269651
0.9968153806
0.9941852608
0.9884047779
0.9978847699
1.0019022056
1.0000524510
0.9943297729
0.9951679429
1.0043878132
1.0031450094
1.0090411020
1.0060641533
0.9893296552
0.9975379410
1.0003414752
1.0007461090
1.0049947639
1.0080873223
1.0053415929
1.0026536684
1.0021623273
0.9995322076
1.0064687871
0.9967286733
0.9989252569
1.0117001242
0.9984050134
1.0047057398
0.9923355063
1.0088387851
1.0003703776
0.9923933111
1.0001391583
1.0033473263
1.0021045225
1.0016131814
1.0073069571
1.0019022056
0.9930291643
1.0002836703
0.9988096472
1.0002258655
0.9955725768
1.0064687871
0.9999946462
1.0071046402
0.9969020878
1.0010351331
0.9975379410
0.9916129459
1.0018444007
0.9969887951
1.0015842790
0.9958037961
0.9879423393
1.0092723213
0.9997634269
1.0073358595
0.9970465999
1.0073647620
1.0038964722
1.0019022056
1.0019600104
1.0061219581
0.9959194057
0.9910638001
1.0047057398
0.9977980627
0.9982894037
0.9984339158
0.9984917206
1.0025380587
1.0015553766
1.0028848877
1.0047635446
0.9963240395
1.0023357418
1.0008328162
0.9976535506
0.9991564762
0.9999657438
1.0094168334
0.9952546502
1.0025958635
1.0002547679
0.9963818444
0.9997056221
1.0013819621
1.0098214672
0.9963529419
1.0015842790
0.9988096472
1.0082607368
1.0105729300
0.9968731854
1.0024802539
0.9926245305
1.0022490345
0.9981448917
1.0053415929
0.9956592840
0.9973934289
1.0115556121
1.0026536684
1.0046190326
1.0053993978
1.0107752469
1.0060063485
1.0018733032
1.0030583022
0.9914395315
0.9856012437
0.9994165979
1.0020178152
0.9903123373
1.0027114732
0.9993298907
0.9968731854
1.0037519601
1.0019889128
1.0024224490
0.9981159892
1.0038386674
0.9978558675
0.9923933111
0.9982605013
1.0021912297
0.9964974540
0.9993587931
0.9930002618
1.0016131814
0.9921620918
0.9947922116
0.9986651351
0.9997056221
0.9868151451
1.0038964722
1.0061508605
0.9984339158
0.9961217226
0.9908036783
0.9996767196
0.9966130637
0.9966130637
1.0006304993
0.9964974540
1.0092434189
1.0022490345
1.0055728122
1.0079139078
1.0083763465
0.9960061130
0.9989252569
1.0007750114
1.0035207408
1.0030004973
1.0052548857
0.9942719681
0.9947633091
1.0038386674
1.0002836703
1.0024224490
0.9999946462
1.0023935466
0.9906880687
0.9972778192
0.9988963544
1.0042143987
1.0088965899
0.9887516069
1.0113243928
1.0001680607
1.0007172066
1.0002547679
0.9954858695
0.9927690425
0.9972200144
1.0016709863
0.9973645265
1.0047924470
0.9972778192
0.9932314812
0.9995322076
1.0003125728
1.0051970808
0.9988096472
1.0019600104
0.9996767196
1.0030583022
1.0025380587
0.9991853786
0.9976246482
0.9992142810
1.0016709863
1.0157464622
0.9936361150
1.0063820799
1.0012374500
0.9931447739
1.0049658615
1.0016998887
1.0119891483
1.0047924470
1.0052548857
1.0065554943
0.9977980627
1.0014686694
1.0010640355
1.0086364682
0.9999657438
0.9993876955
0.9980003796
1.0056017147
0.9989541593
1.0001102559
0.9990119641
1.0020178152
0.9993587931
0.9919886773
0.9957459912
0.9969020878
1.0054572026
1.0050814712
1.0084341513
1.0073069571
1.0002547679
0.9949656260
0.9989252569
0.9998790365
0.9941274560
1.0044745205
0.9953991623
1.0063242750
1.0056595195
1.0079717127
0.9911216049
1.0000813534
0.9938962367
1.0012952549
0.9986073303
1.0017287911
0.9986651351
0.9999079390
0.9952835526
0.9975090385
1.0023357418
1.0012085476
1.0003414752
1.0115556121
0.9984339158
0.9842428302
0.9955436743
1.0076248837
1.0042722036
1.0094168334
0.9947633091
1.0186078013
0.9987518424
0.9952546502
1.0015553766
1.0051681784
0.9966708685
0.9973356240
0.9979425748
1.0003703776
1.0049947639
0.9973934289
1.0074803716
0.9954858695
1.0019311080
0.9974223313
1.0044456181
0.9973645265
0.9992431834
0.9945609922
1.0007461090
1.0071913475
0.9974512337
0.9977980627
1.0042143987
1.0001680607
1.0024513515
1.0018154983
0.9927690425
1.0008906211
0.9995900124
1.0011796452
0.9886648996
0.9907747759
1.0074225668
0.9982026965
1.0043011060
1.0003992800
1.0096769551
1.0061508605
1.0022779370
1.0019889128
1.0076826885
1.0039542770
1.0002547679
0.9991853786
1.0026247659
0.9995611100
0.9983761110
0.9949078212
1.0039831794
0.9860636823
0.9930291643
0.9996767196
0.9980292820
1.0021045225
1.0025669611
0.9984050134
0.9980581844
0.9978269651
0.9901678252
1.0023357418
1.0060641533
0.9937806270
0.9965841613
0.9945609922
1.0008906211
1.0019600104
1.0028559853
1.0002258655
0.9948500164
0.9943586753
0.9867284379
1.0033184239
1.0021912297
1.0057462267
1.0029426925
1.0027403756
1.0036941553
1.0015553766
1.0040120818
0.9971333071
1.0001969631
1.0116134169
1.0020467176
0.9926823353
1.0046768374
0.9944164802
1.0001680607
1.0009195235
0.9990119641
1.0032317166
1.0033762287
1.0012085476
0.9953124550
0.9912083121
1.0030583022
1.0044745205
1.0009195235
0.9913817266
1.0066422016
1.0011796452
0.9996478172
0.9956303816
1.0091856141
0.9912083121
0.9932025787
0.9973934289
1.0026247659
1.0063820799
1.0016420838
1.0027114732
1.0169603636
1.0091567117
1.0023935466
1.0047635446
1.0000813534
0.9899366059
0.9977691603
0.9982026965
1.0035785456
0.9957170888
0.9885781924
1.0063531774
0.9994455003
0.9993009882
0.9996767196
1.0017287911
0.9950523333
1.0033473263
0.9993876955
0.9890117286
1.0038386674
1.0063820799
0.9941563584
0.9987229400
1.0037230577
1.0012085476
1.0046479350
0.9978847699
1.0007750114
1.0121914652
1.0010351331
1.0030872046
1.0038097649
1.0018733032
1.0021045225
0.9973067216
0.9953991623
1.0049947639
1.0029715949
1.0064398847
1.0005726945
1.0081451271
1.0029426925
1.0010929380
1.0005726945
1.0061219581
0.9979425748
1.0095613455
1.0014686694
0.9948789188
1.0027114732
0.9990697689
1.0062664702
0.9970176975
1.0036941553
1.0028848877
1.0093012237
0.9898209962
1.0007461090
0.9931158715
1.0042433012
0.9962951371
1.0094457358
1.0034051311
1.0036363505
1.0114689048
1.0042143987
0.9962662347
0.9997923293
0.9933181884
0.9994455003
1.0030293997
1.0022490345
1.0035785456
0.9951968454
0.9999368414
1.0121914652
0.9968442830
0.9958037961
0.9977402579
1.0055728122
0.9911216049
1.0032317166
1.0040698867
0.9903123373
0.9931447739
1.0067000064
0.9977113554
0.9938962367
1.0058040316
0.9974512337
0.9942141633
0.9931158715
0.9912950194
1.0021623273
0.9961795275
1.0006015969
0.9995033052
1.0057173243
1.0038964722
0.9959483081
1.0074514692
1.0068156161
0.9913817266
1.0005437921
0.9830867336
1.0016420838
0.9909481904
0.9957459912
1.0112087831
1.0046190326
0.9989252569
1.0034051311
0.9933759932
0.9921042870
0.9972489168
0.9998212317
1.0126828063
1.0009484259
0.9950523333
1.0070179330
0.9962951371
1.0098503696
0.9974801361
0.9992720858
0.9999657438
1.0070468354
0.9960061130
1.0025958635
1.0032317166
1.0040698867
0.9913528242
0.9997923293
0.9989252569
0.9861214871
1.0004281824
0.9951101381
0.9979714772
1.0006594017
1.0010351331
1.0041565939
1.0002547679
1.0067578112
0.9983472086
0.9875377055
0.9978558675
0.9977691603
0.9960639178
0.9909770928
1.0032028142
1.0046190326
1.0024802539
1.0016131814
1.0010929380
0.9938095295
1.0103417107
0.9969887951
0.9973645265
0.9995033052
0.9940407488
1.0102261010
1.0005726945
1.0002258655
0.9941563584
1.0094457358
0.9977402579
1.0003125728
0.9988674520
1.0049658615
1.0081740296
0.9962373323
0.9982026965
0.9987518424
0.9934337981
1.0064398847
0.9961506250
1.0012663524
1.0016131814
1.0014397669
0.9988096472
1.0050525688
0.9988385496
1.0033762287
0.9983472086
1.0008328162
0.9967286733
0.9964974540
0.9933181884
1.0048213495
1.0050814712
1.0045901301
1.0051392760
0.9888961190
0.9967864782
1.0126828063
0.9981448917
1.0054283002
0.9944453826
0.9951968454
1.0129429280
1.0042143987
1.0036652529
0.9967575758
0.9972200144
0.9909192880
1.0122203676
1.0059774460
0.9950234309
1.0030583022
0.9973645265
0.9987518424
0.9992431834
0.9964396492
1.0000524510
1.0010062307
1.0006883042
1.0050525688
1.0007172066
0.9996767196
0.9968731854
1.0029137901
0.9945609922
0.9987518424
1.0028270828
0.9984339158
0.9947633091
1.0028559853
1.0020178152
0.9890406310
1.0032317166
0.9952546502
0.9958037961
1.0036941553
0.9968153806
1.0080873223
0.9994455003
0.9971911120
0.9976246482
1.0080295175
0.9970176975
0.9958037961
1.0085786634
1.0108908565
0.9940407488
0.9983472086
1.0016131814
1.0059196412
1.0040120818
0.9965263564
0.9940407488
0.9954858695
1.0008328162
0.9931158715
0.9976535506
1.0025958635
1.0011507428
0.9885203876
0.9965552589
0.9986940375
0.9965841613
0.9942430657
1.0025091563
0.9990697689
1.0067289088
1.0005437921
0.9959772106
0.9916129459
1.0001102559
0.9915551411
1.0026536684
1.0038386674
1.0036941553
1.0053704953
0.9976535506
0.9987229400
0.9941852608
0.9982026965
0.9952257478
0.9975668434
0.9962084299
0.9966997709
0.9889828262
1.0023935466
0.9893296552
1.0006015969
0.9988963544
0.9962373323
0.9956303816
0.9965841613
1.0030293997
0.9995033052
0.9889828262
0.9993009882
1.0105729300
0.9997056221
1.0010640355
0.9944164802
0.9994744027
1.0019311080
1.0017287911
0.9972489168
0.9923066039
1.0047924470
0.9972200144
1.0021912297
1.0014686694
1.0092723213
0.9953991623
0.9945609922
1.0020178152
0.9916707508
0.9970465999
0.9953991623
1.0037519601
1.0051392760
1.0047057398
0.9976535506
0.9990697689
0.9952257478
0.9971333071
0.9995900124
1.0037519601
0.9953124550
1.0011507428
1.0064398847
0.9970465999
1.0003992800
1.0017576935
0.9954569671
0.9932603836
0.9988385496
0.9896475817
1.0005437921
0.9995322076
1.0039831794
1.0047057398
0.9934916029
1.0017576935
0.9987518424
0.9993298907
1.0033762287
1.0032606191
0.9929713594
0.9930580667
1.0001102559
1.0012085476
1.0029426925
0.9970755023
0.9967864782
1.0038964722
1.0037808625
0.9982605013
1.0008039138
1.0049369591
1.0006594017
1.0033184239
1.0044745205
0.9928557498
0.9948500164
0.9913528242
1.0031450094
0.9971911120
1.0026825708
1.0019600104
1.0074225668
1.0111220759
0.9925378232
1.0071335426
1.0040120818
1.0072202499
0.9911794097
1.0031450094
1.0009773283
1.0035207408
1.0015264742
1.0071913475
1.0025958635
0.9863527065
1.0035785456
1.0048213495
1.0021334249
1.0003703776
0.9981159892
0.9999946462
1.0032028142
1.0009773283
1.0009484259
0.9935205053
1.0009195235
1.0042722036
0.9966130637
0.9997345245
0.9965552589
0.9907747759
1.0018154983
0.9999657438
1.0005148897
1.0064109823
1.0018154983
0.9921909942
1.0000235486
1.0005726945
1.0012085476
1.0068734209
0.9979425748
1.0006594017
0.9969309902
1.0019600104
1.0016709863
0.9921331894
1.0002836703
0.9986651351
1.0005437921
1.0027403756
0.9948500164
1.0074514692
0.9999079390
1.0045612277
1.0036941553
1.0043589108
1.0016131814
1.0045901301
1.0006304993
1.0037519601
0.9992431834
1.0018154983
0.9968731854
0.9886938021
0.9973934289
1.0019889128
0.9980581844
0.9936361150
0.9938095295
0.9952546502
1.0029426925
0.9897631914
0.9982026965
1.0043300084
1.0126539038
1.0098792720
1.0013819621
0.9931158715
1.0003992800
1.0026536684
0.9932025787
0.9987518424
1.0008328162
0.9996189148
0.9952835526
0.9934048957
0.9961795275
1.0056306171
0.9895897769
1.0059774460
1.0034051311
0.9980003796
0.9914106290
1.0006015969
0.9942430657
1.0090121996
0.9923355063
0.9963818444
0.9999657438
0.9966419661
0.9969887951
0.9993587931
0.9903123373
1.0052548857
1.0020756201
1.0051681784
0.9921620918
0.9952257478
1.0071913475
0.9957459912
1.0071913475
1.0019889128
1.0049658615
0.9941852608
0.9996189148
0.9987229400
1.0087231754
1.0009484259
0.9989252569
0.9977691603
1.0076826885
1.0089543948
1.0082029320
1.0062664702
1.0053704953
1.0016709863
0.9999368414
0.9962662347
1.0035785456
0.9915262387
1.0039542770
0.9966997709
1.0015553766
1.0044167157
0.9995033052
1.0034918384
1.0034918384
0.9914106290
0.9986362327
0.9995900124
1.0030872046
0.9951968454
1.0008617186
0.9865261210
1.0072780547
0.9956014792
0.9988963544
0.9997056221
0.9921331894
1.0025380587
0.9958037961
1.0018154983
1.0036363505
1.0024224490
1.0059774460
1.0070757378
1.0023068394
0.9955725768
0.9920464822
1.0038964722
0.9997345245
0.9994455003
1.0055439098
1.0051103736
0.9922777015
1.0064687871
0.9949078212
0.9972200144
0.9966419661
1.0033762287
0.9981448917
0.9929424570
1.0085786634
1.0123648797
1.0029715949
0.9993876955
1.0044167157
1.0011218404
1.0025958635
1.0036941553
1.0043589108
1.0118157338
0.9971333071
0.9945320898
0.9976824530
1.0105151252
0.9993009882
1.0008328162
1.0113821976
0.9936650174
0.9997345245
1.0107174421
1.0022779370
0.9914684339
1.0010351331
1.0009484259
1.0011218404
0.9974512337
1.0065265919
1.0045323253
0.9903412397
1.0034629360
1.0046479350
0.9969887951
0.9998790365
0.9995900124
1.0003992800
1.0002547679
0.9993009882
0.9874509982
1.0022201321
0.9907169711
1.0022779370
1.0057751291
1.0121625628
0.9982894037
1.0005148897
1.0015264742
0.9978269651
0.9956881864
1.0061797629
0.9958616009
0.9919019701
0.9976246482
0.9876244127
1.0004570848
1.0034918384
1.0064398847
1.0053993978
0.9994165979
1.0016998887
1.0044745205
0.9929135546
1.0063820799
0.9966419661
0.9980581844
1.0042143987
1.0122492700
0.9963818444
0.9986073303
0.9927690425
0.9964685516
1.0038097649
1.0062953726
1.0063242750
0.9991853786
1.0031450094
1.0092723213
0.9963529419
1.0111509783
1.0049369591
0.9986651351
1.0053126905
0.9927979449
0.9936650174
0.9988963544
1.0007461090
1.0016709863
0.9924222136
0.9956881864
1.0027403756
1.0114400024
0.9922777015
1.0090700044
1.0025669611
1.0065843968
0.9913817266
0.9937228222
0.9995322076
1.0060641533
0.9952546502
1.0012663524
1.0038097649
1.0060063485
0.9993009882
0.9993009882
0.9940985536
1.0061508605
1.0024802539
1.0064687871
1.0058040316
1.0025958635
1.0023357418
1.0065843968
1.0071046402
1.0098792720
1.0019600104
0.9968153806
0.9892140455
0.9948211140
1.0006015969
1.0086075658
0.9961795275
1.0126250014
1.0071046402
1.0043878132
1.0001391583
0.9938095295
1.0109775638
0.9967286733
1.0033473263
1.0058907388
1.0109486614
1.0033184239
0.9939829439
0.9928557498
0.9983472086
0.9966419661
0.9958905033
1.0014108645
0.9957170888
1.0043011060
0.9937228222
1.0085786634
0.9999079390
0.9993009882
0.9972489168
0.9993876955
0.9975090385
0.9957170888
1.0064687871
0.9962951371
0.9863238040
1.0057462267
1.0002836703
1.0032028142
1.0064976895
0.9986651351
1.0054861050
1.0074225668
1.0041276915
0.9930869691
0.9956592840
0.9989541593
0.9997634269
0.9976535506
0.9954569671
0.9996767196
0.9984339158
1.0080873223
1.0037519601
1.0008328162
1.0119891483
0.9995033052
1.0073069571
1.0032317166
1.0048791543
0.9953991623
1.0038964722
1.0114689048
1.0025669611
1.0001680607
0.9952546502
0.9957170888
0.9996189148
0.9941274560
1.0036363505
1.0045034229
0.9997634269
0.9979714772
1.0005437921
0.9990986713
1.0087520779
1.0079717127
0.9982026965
1.0086075658
1.0121914652
0.9960061130
0.9945609922
0.9927690425
0.9984917206
1.0029137901
1.0012085476
1.0038964722
1.0043589108
0.9999079390
0.9975957458
0.9929713594
1.0002547679
1.0044745205
1.0001102559
1.0048502519
0.9975668434
0.9996189148
0.9977980627
1.0055150074
1.0022201321
0.9988963544
0.9927112377
0.9998501341
1.0017576935
0.9927690425
1.0016998887
0.9852833171
0.9939829439
1.0024224490
0.9958326985
1.0005148897
0.9948789188
0.9983761110
0.9940985536
0.9967286733
0.9957459912
1.0002547679
1.0018444007
0.9929135546
1.0021045225
1.0012952549
1.0016420838
0.9982894037
1.0002836703
0.9973934289
1.0026536684
1.0023068394
0.9971044047
1.0015553766
0.9957170888
1.0002258655
0.9973067216
0.9955436743
1.0103706131
0.9922198966
1.0020756201
0.9960061130
1.0027403756
0.9981737941
0.9945898947
0.9978558675
0.9995611100
0.9975379410
1.0046190326
1.0080295175
0.9981737941
0.9988385496
0.9968442830
1.0036074480
0.9983183061
0.9952257478
0.9936361150
1.0148215849
0.9924511160
0.9947055043
1.0036363505
0.9993009882
1.0039831794
1.0049080567
0.9968153806
1.0027692780
1.0104862227
0.9933470908
0.9935494077
0.9973645265
0.9971622096
1.0003703776
1.0045034229
0.9995322076
1.0134631715
1.0008039138
0.9981448917
0.9878267296
1.0082896392
1.0068156161
1.0093879310
1.0092723213
1.0101393938
1.0060063485
0.9973067216
0.9969020878
0.9945320898
0.9996767196
1.0008617186
0.9940696512
1.0062375678
0.9981159892
1.0066132992
0.9980870868
0.9974223313
1.0094168334
0.9940696512
1.0037808625
0.9998212317
0.9966419661
1.0027114732
1.0113243928
1.0006304993
0.9879423393
1.0116134169
1.0100237841
0.9964685516
0.9917285556
1.0038097649
1.0012374500
1.0007461090
1.0050814712
0.9964396492
1.0005148897
1.0071335426
0.9985206231
0.9956303816
1.0060352509
0.9975668434
1.0102550034
1.0056884219
0.9932892860
1.0006594017
1.0025091563
0.9999368414
1.0023068394
1.0073358595
1.0042433012
0.9964396492
1.0041565939
0.9987229400
1.0043300084
0.9914684339
0.9967286733
0.9994744027
1.0063820799
1.0032317166
0.9989830617
1.0043300084
0.9923644087
0.9974223313
0.9983472086
0.9993298907
1.0009773283
0.9932314812
1.0069312257
0.9885781924
1.0025091563
0.9995033052
0.9910059952
1.0089543948
0.9972489168
1.0038675698
1.0045323253
0.9977980627
1.0058907388
1.0061508605
0.9878556320
0.9993587931
0.9971622096
1.0044456181
1.0020467176
0.9920175797
1.0066132992
0.9953413574
0.9931158715
0.9952835526
1.0058907388
0.9978558675
1.0095324431
1.0011507428
0.9921331894
1.0068156161
0.9995900124
1.0008328162
1.0041276915
0.9917574580
0.9979425748
0.9940985536
1.0087231754
1.0093879310
1.0077693958
0.9969887951
0.9983472086
1.0014975718
0.9910059952
0.9932314812
0.9960350154
0.9964107468
0.9954858695
0.9965263564
1.0061797629
1.0059485436
0.9984050134
0.9969020878
0.9970465999
1.0033184239
1.0073936644
1.0000813534
0.9974223313
0.9960928202
0.9989830617
1.0015842790
1.0008906211
1.0029137901
0.9882313634
1.0077693958
1.0035496432
0.9950523333
1.0027114732
1.0035207408
1.0132608545
1.0043589108
0.9992431834
0.9997345245
1.0003703776
1.0027981804
1.0017865959
1.0015553766
0.9979136723
1.0018154983
1.0062664702
0.9941852608
1.0117290266
0.9978847699
0.9998212317
1.0031739118
0.9979425748
0.9935783101
0.9982894037
0.9983761110
0.9953124550
0.9957170888
1.0135498787
0.9995900124
0.9935783101
0.9988096472
1.0085786634
0.9975090385
1.0053993978
0.9920175797
1.0029715949
1.0100815889
1.0021334249
0.9935494077
1.0017287911
0.9939251391
0.9958037961
0.9881157538
0.9930580667
0.9915551411
1.0021045225
1.0054283002
1.0115845145
0.9973067216
1.0037519601
1.0124804894
0.9927401401
1.0042143987
0.9996189148
1.0042433012
0.9867862427
1.0020756201
1.0038675698
1.0015553766
1.0045034229
1.0077693958
0.9987229400
0.9878556320
0.9984050134
1.0161510960
0.9991853786
1.0078272006
1.0028270828
1.0029715949
0.9949656260
0.9973645265
1.0088965899
0.9931158715
0.9902545324
0.9928557498
0.9883469731
0.9880001441
0.9980581844
0.9987229400
0.9962662347
1.0027403756
1.0163534129
1.0067578112
1.0076248837
1.0010351331
0.9967575758
1.0024513515
0.9977113554
1.0051392760
0.9935494077
0.9885781924
0.9980581844
1.0022490345
0.9994165979
0.9858902678
0.9950523333
0.9930580667
0.9995322076
1.0050236664
1.0012374500
1.0064976895
1.0054572026
0.9979714772
0.9998501341
0.9963818444
1.0038675698
0.9976246482
0.9908036783
0.9897053866
1.0043878132
1.0019311080
1.0073069571
1.0003992800
1.0091278092
1.0058040316
0.9980870868
0.9963818444
0.9969020878
0.9967575758
0.9916707508
0.9952546502
1.0053993978
1.0049080567
1.0002836703
1.0003414752
0.9994165979
1.0011796452
0.9956881864
1.0035496432
0.9976535506
0.9934048957
1.0021334249
1.0003414752
1.0016420838
1.0032317166
1.0030583022
1.0019600104
1.0020756201
1.0005726945
1.0026247659
0.9957170888
1.0010929380
0.9978847699
0.9950234309
0.9956303816
1.0008617186
0.9893585576
0.9997923293
0.9988963544
1.0045612277
1.0043300084
1.0077693958
0.9980581844
0.9908903856
0.9965841613
0.9958616009
0.9993587931
0.9976535506
0.9969020878
1.0015553766
1.0004859873
1.0066711040
0.9982026965
1.0032895215
1.0010351331
1.0089543948
0.9984917206
0.9961506250
1.0063531774
1.0014397669
1.0025958635
1.0039542770
0.9983761110
1.0000524510
1.0018733032
0.9928268474
0.9916418484
1.0006015969
0.9967286733
1.0036652529
0.9955147719
1.0064687871
0.9999657438
0.9999368414
0.9923933111
0.9995611100
0.9974801361
0.9996189148
1.0001102559
0.9994744027
0.9973934289
0.9896764842
0.9897631914
0.9990119641
1.0048502519
0.9875666079
1.0003414752
1.0058907388
0.9956881864
0.9980581844
1.0197928003
1.0011507428
0.9891273383
0.9946766019
1.0021045225
1.0052837881
1.0000235486
0.9978269651
0.9933181884
0.9977691603
0.9994165979
1.0073647620
0.9978847699
1.0108330517
1.0036074480
0.9890695334
0.9974801361
1.0070757378
0.9989252569
0.9976535506
1.0022201321
0.9975957458
1.0012663524
1.0125382942
1.0081740296
1.0083763465
0.9983183061
1.0087809803
0.9990119641
0.9923644087
1.0071913475
1.0065843968
1.0022779370
1.0001969631
1.0059485436
1.0033762287
1.0042143987
1.0117868314
0.9954858695
1.0033184239
0.9970176975
0.9892718503
1.0027403756
0.9958037961
0.9837514891
0.9996189148
0.9995033052
0.9974512337
1.0014397669
0.9939540415
0.9951679429
1.0053126905
1.0020756201
1.0049080567
1.0093590286
1.0108041493
1.0088387851
1.0003703776
1.0073647620
0.9937806270
0.9905435566
0.9971333071
0.9975090385
0.9975957458
0.9992142810
0.9980870868
0.9973067216
0.9997923293
0.9971911120
0.9989252569
0.9935205053
0.9994455003
1.0102261010
0.9941852608
0.9960350154
0.9951679429
0.9925956280
1.0010351331
1.0001102559
0.9997634269
0.9963529419
0.9963529419
1.0040120818
0.9992142810
0.9953124550
1.0032317166
1.0092723213
0.9918730677
0.9908614832
1.0046479350
0.9907747759
0.9935205053
0.9920175797
0.9940118464
1.0071913475
0.9946187971
1.0075381764
0.9942430657
1.0013241573
0.9950523333
1.0119313435
1.0036074480
0.9924800184
0.9967864782
1.0040120818
0.9986362327
0.9956881864
0.9925667256
0.9988385496
1.0072202499
1.0018444007
0.9971333071
1.0098503696
0.9986651351
0.9993009882
0.9924511160
1.0036074480
0.9903990445
1.0124804894
0.9997345245
0.9952257478
1.0021045225
1.0133475618
1.0032895215
0.9990986713
1.0008328162
1.0017287911
0.9964974540
0.9953124550
1.0046190326
1.0014686694
1.0138967077
0.9977402579
0.9970755023
1.0026247659
1.0006883042
1.0000524510
0.9988674520
0.9936939198
0.9992431834
1.0062086654
0.9990408665
0.9962373323
1.0003703776
0.9960061130
1.0067289088
0.9999657438
1.0106596372
1.0017865959
0.9862949016
1.0078272006
0.9990119641
1.0047924470
0.9987518424
1.0003414752
0.9989830617
1.0052548857
0.9872775837
1.0012374500
1.0018154983
0.9981159892
1.0004859873
0.9973645265
0.9952835526
0.9959483081
1.0000235486
1.0044745205
0.9934337981
0.9979136723
0.9977113554
1.0039253746
1.0029137901
0.9983183061
0.9936650174
0.9955436743
0.9962951371
0.9980581844
0.9937517246
0.9948500164
1.0000524510
0.9978558675
1.0186078013
1.0012663524
1.0126539038
1.0083763465
1.0004281824
0.9965263564
0.9993298907
1.0016998887
0.9977980627
0.9949945285
0.9968731854
0.9978269651
1.0096191503
1.0019889128
0.9952835526
1.0083185416
1.0004859873
1.0023646442
0.9931447739
1.0020756201
0.9944742850
0.9942141633
0.9875955103
0.9921042870
1.0040987891
0.9971044047
0.9941563584
0.9965552589
0.9997923293
1.0119313435
1.0008328162
0.9995033052
0.9970755023
1.0028270828
0.9927112377
1.0003703776
0.9983472086
0.9975957458
0.9962951371
1.0046190326
1.0012663524
1.0008039138
0.9940696512
1.0065265919
0.9892718503
0.9986073303
0.9997345245
0.9927979449
1.0023357418
1.0049369591
0.9996478172
1.0058329340
0.9972778192
1.0021623273
1.0031739118
1.0067000064
0.9945031874
1.0031739118
1.0022779370
0.9941274560
0.9977980627
1.0055439098
0.9955147719
0.9950234309
1.0120469531
1.0074225668
0.9945898947
0.9999368414
1.0004859873
0.9940407488
1.0082029320
0.9868729499
1.0077693958
1.0007750114
1.0052837881
1.0040698867
0.9924222136
0.9961506250
1.0034051311
0.9922777015
0.9965552589
1.0006015969
0.9974223313
0.9932025787
1.0021334249
0.9945031874
0.9966708685
0.9981159892
0.9966419661
0.9986651351
0.9945609922
1.0025091563
1.0070757378
0.9969887951
0.9965841613
0.9925956280
1.0127984159
1.0034340336
0.9981737941
0.9934048957
0.9901100204
0.9974801361
0.9954569671
0.9930291643
1.0033762287
0.9928846522
0.9996478172
0.9955436743
1.0012952549
0.9951101381
1.0027692780
0.9949078212
0.9983761110
1.0008906211
1.0074225668
1.0052548857
0.9950234309
0.9971911120
1.0100815889
0.9997056221
1.0024224490
1.0008617186
0.9984339158
0.9975957458
1.0003125728
0.9912950194
1.0056306171
0.9973934289
0.9921331894
1.0086364682
0.9957170888
1.0014686694
1.0096191503
0.9980870868
0.9975090385
1.0016709863
0.9976535506
0.9989252569
1.0045323253
0.9958616009
0.9978558675
0.9995611100
1.0097058575
0.9967575758
1.0057173243
1.0097925648
0.9943008705
1.0047924470
0.9946476995
1.0000813534
1.0103128082
1.0057173243
0.9988674520
0.9970176975
0.9891851431
0.9992720858
0.9967864782
0.9941563584
1.0102550034
1.0012952549
0.9960639178
0.9977402579
0.9958326985
0.9893585576
0.9982605013
0.9929424570
0.9947633091
1.0064687871
0.9963529419
1.0106018324
1.0064398847
1.0038964722
1.0049658615
1.0005148897
1.0016998887
1.0012085476
0.9937517246
0.9937228222
0.9996478172
0.9995611100
1.0020467176
1.0032895215
0.9995611100
0.9958905033
0.9995611100
0.9969887951
1.0073358595
1.0080873223
1.0105729300
1.0058329340
1.0012374500
0.9989252569
1.0069890306
1.0119024411
0.9999368414
0.9964685516
0.9969887951
1.0004570848
1.0038097649
1.0060930557
0.9993009882
1.0034629360
0.9913817266
1.0067289088
0.9924222136
0.9972778192
0.9946476995
1.0060063485
1.0016998887
0.9969887951
0.9938962367
1.0016998887
0.9958905033
1.0128851232
0.9944453826
0.9998790365
0.9910059952
1.0020756201
1.0049947639
0.9973067216
1.0029715949
0.9974801361
1.0041854963
1.0097058575
0.9958616009
1.0010062307
1.0007172066
1.0046768374
0.9991564762
0.9941563584
1.0025958635
1.0039831794
0.9986362327
1.0008906211
1.0043589108
0.9996767196
0.9998790365
1.0032606191
0.9952835526
0.9948789188
1.0060063485
1.0043878132
0.9930002618
1.0011218404
0.9928557498
1.0003992800
0.9950523333
1.0066132992
0.9930002618
0.9932314812
1.0015264742
1.0026825708
0.9954858695
1.0027403756
0.9919886773
1.0003703776
0.9942430657
1.0026825708
1.0078850054
0.9921909942
1.0084341513
1.0053415929
1.0038097649
1.0008328162
0.9974512337
1.0091856141
1.0179719481
0.9945609922
0.9885492900
1.0047924470
0.9936361150
1.0056595195
0.9875955103
0.9973645265
0.9956303816
0.9969020878
1.0055150074
1.0014975718
0.9915262387
0.9896764842
1.0079139078
1.0001969631
0.9975090385
1.0040698867
1.0077693958
0.9980003796
0.9928557498
0.9982894037
0.9893874600
1.0007750114
0.9958037961
1.0009773283
1.0070757378
1.0050525688
0.9946476995
0.9926534329
1.0095613455
0.9973934289
1.0057173243
0.9933181884
1.0050236664
1.0062953726
1.0020178152
0.9990119641
0.9969887951
1.0036074480
1.0051103736
0.9999946462
0.9947633091
1.0037230577
0.9934048957
0.9891562407
1.0045034229
0.9937806270
0.9988674520
1.0053704953
0.9976535506
1.0023357418
0.9979136723
0.9899655083
0.9924222136
1.0043589108
0.9955725768
1.0120758555
0.9928846522
1.0042433012
0.9972489168
0.9983472086
0.9969598927
1.0077693958
0.9997634269
1.0079428102
1.0001102559
1.0102261010
0.9950234309
0.9993587931
0.9911216049
1.0023357418
0.9999657438
0.9969598927
1.0056595195
1.0027692780
0.9973645265
1.0017865959
0.9996189148
1.0073647620
1.0024802539
0.9978558675
0.9944164802
1.0032028142
0.9994165979
1.0017287911
0.9912950194
1.0032606191
1.0075959813
0.9953124550
1.0066711040
1.0100237841
0.9980870868
0.9920753846
1.0033762287
0.9890695334
0.9960928202
1.0021912297
1.0116134169
1.0056884219
0.9993009882
0.9994165979
1.0067867137
1.0107752469
0.9985206231
0.9993587931
1.0132030497
1.0005726945
0.9990697689
0.9908614832
0.9991564762
0.9981448917
0.9958616009
0.9953413574
1.0079139078
1.0034051311
0.9887227045
0.9878845344
1.0099948817
1.0055728122
0.9956881864
0.9989541593
0.9997056221
1.0047057398
1.0005437921
0.9995611100
0.9968731854
1.0081740296
1.0008617186
0.9943875778
0.9936361150
0.9990408665
1.0000235486
1.0072491523
0.9950523333
1.0003703776
0.9976535506
0.9977980627
0.9922198966
1.0063820799
1.0025380587
1.0054861050
1.0112087831
1.0057751291
1.0022201321
0.9934048957
0.9945031874
1.0020467176
1.0092723213
1.0029715949
0.9996767196
1.0132319521
1.0053704953
1.0031450094
0.9989541593
0.9998212317
1.0011796452
0.9977402579
0.9897053866
0.9949945285
0.9935205053
0.9958326985
1.0037519601
0.9925378232
0.9964396492
1.0093301262
0.9998501341
0.9946476995
0.9983183061
0.9961217226
0.9923644087
1.0080584199
0.9960639178
1.0056595195
1.0072491523
0.9994165979
0.9923355063
0.9986940375
0.9973356240
1.0029715949
1.0024802539
1.0028848877
1.0136943908
1.0049658615
0.9941274560
0.9992720858
0.9974801361
0.9981737941
1.0005726945
0.9953124550
1.0036941553
1.0072491523
1.0021912297
0.9977980627
1.0006594017
1.0056306171
1.0039831794
0.9989252569
0.9913528242
1.0022779370
1.0088965899
0.9955725768
1.0043878132
1.0028848877
1.0048791543
1.0024224490
1.0008906211
1.0045901301
1.0025669611
1.0030004973
0.9960928202
1.0046190326
0.9961795275
0.9990119641
0.9905724590
0.9929713594
1.0095035406
1.0118446362
1.0046479350
0.9919886773
0.9992431834
0.9984628182
0.9943586753
1.0039542770
1.0060063485
1.0001680607
1.0035207408
1.0068734209
1.0103995155
0.9970176975
0.9986940375
0.9950234309
1.0025958635
0.9962951371
1.0041565939
0.9932603836
0.9936361150
0.9959483081
0.9898209962
0.9947633091
1.0065554943
1.0094746382
0.9963529419
0.9977402579
1.0035785456
1.0022779370
1.0009484259
1.0021045225
0.9935783101
1.0070468354
1.0020756201
0.9983761110
0.9989830617
0.9965263564
0.9929424570
0.9998790365
1.0055728122
1.0025091563
1.0105729300
0.9964685516
1.0005148897
1.0012374500
0.9974223313
1.0042722036
0.9961217226
1.0028848877
1.0020756201
0.9975379410
1.0006594017
1.0030293997
1.0038386674
1.0088098827
1.0023357418
1.0030872046
1.0010929380
0.9991853786
0.9958616009
1.0016131814
0.9984628182
0.9970465999
0.9907169711
1.0053993978
1.0043589108
0.9988674520
0.9988674520
0.9938962367
0.9962662347
1.0122781724
1.0001969631
0.9997345245
0.9908036783
1.0037808625
0.9987807448
0.9915551411
0.9914395315
0.9968153806
0.9956881864
0.9942719681
1.0051681784
1.0028848877
1.0039831794
0.9959194057
1.0081740296
1.0028270828
0.9891273383
0.9985784279
0.9954280647
0.9988096472
0.9940407488
0.9907458735
1.0031161070
1.0007172066
0.9993587931
0.9973067216
1.0045612277
1.0068445185
0.9969887951
0.9977980627
0.9981159892
1.0001102559
0.9963240395
1.0035207408
1.0070468354
0.9924511160
1.0071046402
0.9906591663
0.9974512337
0.9922777015
0.9982315989
1.0055728122
1.0078561030
0.9996189148
0.9984917206
0.9991564762
0.9975379410
0.9978269651
1.0024802539
0.9962373323
0.9982315989
0.9953702599
0.9941563584
0.9963818444
0.9955725768
0.9966708685
0.9924800184
1.0009773283
0.9968442830
0.9891851431
1.0018154983
1.0061797629
0.9990697689
1.0051970808
1.0053415929
0.9938673343
0.9966997709
1.0027692780
1.0019022056
0.9974512337
1.0053415929
0.9943008705
0.9927979449
1.0022779370
1.0036652529
1.0024802539
0.9994744027
0.9999079390
0.9960061130
0.9990986713
1.0083763465
1.0156019501
1.0036074480
1.0036363505
0.9970465999
1.0037230577
1.0037808625
1.0062664702
0.9959483081
1.0021045225
0.9890406310
1.0118735386
1.0060641533
0.9927690425
0.9962951371
1.0024802539
1.0022201321
1.0023935466
1.0021045225
0.9993876955
1.0112665879
0.9956303816
1.0018154983
0.9987807448
0.9980870868
0.9974512337
0.9971044047
0.9955436743
1.0027981804
0.9941852608
1.0013241573
1.0026536684
1.0060930557
1.0099948817
0.9971622096
0.9960928202
1.0036074480
0.9934916029
0.9948789188
0.9923066039
0.9972489168
0.9973645265
0.9960061130
1.0057751291
0.9979714772
1.0049658615
0.9994744027
1.0045612277
1.0020467176
0.9916707508
0.9984628182
1.0040409843
1.0092723213
1.0019889128
0.9978558675
0.9960928202
1.0012952549
1.0072491523
0.9978847699
1.0038386674
0.9923933111
0.9982894037
1.0119602459
1.0023068394
1.0043878132
0.9979136723
0.9973934289
1.0033184239
0.9901389228
1.0030872046
0.9965841613
0.9935205053
0.9982894037
0.9929424570
1.0059196412
0.9991853786
0.9946766019
0.9987807448
0.9956881864
0.9982605013
1.0049080567
0.9854278292
0.9981737941
0.9961506250
1.0037808625
0.9969309902
1.0053993978
0.9953702599
1.0007461090
0.9995322076
