1.0482802707
1.0457166749
1.0410791588
1.0538971381
1.0447085192
1.0523416979
1.0513335422
1.0552797516
1.0426057945
1.0504117999
1.0551357293
1.0526873513
1.0557694272
1.0591395476
1.0524569157
1.0414248122
1.0481074441
1.0511895200
1.0545596404
1.0416264433
1.0532346358
1.0470416795
1.0439596036
1.0411943766
1.0445933014
1.0443052569
1.0566047562
1.0389188252
1.0371329494
1.0431530790
1.0403590476
1.0464943950
1.0563743206
1.0500085376
1.0558558405
1.0565759517
1.0484242930
1.0415976388
1.0482802707
1.0513047378
1.0520824579
1.0436715591
1.0443340614
1.0443052569
1.0438443858
1.0502101688
1.0488275553
1.0510454977
1.0549629026
1.0483378796
1.0380834962
1.0570368229
1.0476465729
1.0446509103
1.0415688344
1.0505846266
1.0547324671
1.0436715591
1.0543868137
1.0436715591
1.0456878704
1.0514775645
1.0520248490
1.0427210123
1.0470992884
1.0506134310
1.0502965821
1.0551357293
1.0463503727
1.0517944134
1.0387171941
1.0530906135
1.0425481856
1.0491444042
1.0464943950
1.0492020131
1.0433547102
1.0592835698
1.0487411419
1.0364416427
1.0489427730
1.0523416979
1.0491444042
1.0498357109
1.0514199556
1.0402438298
1.0535514847
1.0500949510
1.0375362117
1.0427498168
1.0458030882
1.0511319111
1.0550781204
1.0498645154
1.0440172125
1.0512183244
1.0540699648
1.0502389732
1.0487123375
1.0543004003
1.0426345990
1.0518808267
1.0561726895
1.0504982132
1.0495764709
1.0445356925
1.0503829954
1.0520824579
1.0528025691
1.0473585284
1.0517080000
1.0529753957
1.0424041634
1.0570656273
1.0495188620
1.0522552846
1.0608390100
1.0498933198
1.0477041818
1.0514199556
1.0424329678
1.0527737646
1.0513623467
1.0505846266
1.0479922263
1.0437291680
1.0512471289
1.0395525230
1.0555101872
1.0449677592
1.0458030882
1.0367872961
1.0468976572
1.0446797148
1.0524281112
1.0427498168
1.0549052938
1.0444780836
1.0543868137
1.0442476480
1.0597156365
1.0535514847
1.0454862393
1.0453998260
1.0526297424
1.0473297240
1.0461775461
1.0548764893
1.0536090936
1.0528025691
1.0426634034
1.0586210675
1.0427210123
1.0496340798
1.0563455161
1.0439307991
1.0472721151
1.0441036258
1.0479058129
1.0501813643
1.0461487416
1.0448813459
1.0442476480
1.0554813827
1.0553661649
1.0497781020
1.0502965821
1.0523705023
1.0548764893
1.0522552846
1.0443340614
1.0473009195
1.0516791956
1.0451405859
1.0588515031
1.0409927454
1.0536667025
1.0498357109
1.0514487600
1.0622504280
1.0542139870
1.0449389548
1.0513623467
1.0453710215
1.0465520039
1.0516215867
1.0607525967
1.0379682784
1.0472145062
1.0439307991
1.0518520223
1.0474449418
1.0415976388
1.0475601596
1.0419144878
1.0407623099
1.0475889640
1.0530042002
1.0439596036
1.0500085376
1.0456590660
1.0482802707
1.0469264617
1.0493748398
1.0398693720
1.0389188252
1.0446509103
1.0418280744
1.0427210123
1.0532346358
1.0565183428
1.0447373237
1.0396965453
1.0416552477
1.0453134126
1.0596004188
1.0605797700
1.0485971197
1.0543868137
1.0384579540
1.0531482224
1.0459471105
1.0378242562
1.0529177869
1.0489715775
1.0513335422
1.0547036626
1.0462063505
1.0520248490
1.0411943766
1.0535802892
1.0384003451
1.0572960629
1.0548188804
1.0568639962
1.0460623283
1.0528025691
1.0466672217
1.0518808267
1.0511895200
1.0398405675
1.0466672217
1.0597732454
1.0482226619
1.0406182876
1.0439884080
1.0430378612
1.0511607155
1.0443916703
1.0509302799
1.0422313367
1.0483666841
1.0494900576
1.0464367861
1.0399269809
1.0535802892
1.0377954517
1.0507862577
1.0467824395
1.0466384172
1.0476753773
1.0581313919
1.0553085560
1.0482802707
1.0468976572
1.0467824395
1.0415688344
1.0361535982
1.0476753773
1.0446797148
1.0392356741
1.0351742470
1.0497781020
1.0439884080
1.0519384356
1.0472433106
1.0497492976
1.0421161189
1.0455150438
1.0353470737
1.0482226619
1.0555677961
1.0549340982
1.0572960629
1.0459183060
1.0376514295
1.0535226803
1.0533786580
1.0438155813
1.0443628658
1.0488851642
1.0481074441
1.0494324487
1.0487411419
1.0501813643
1.0534362669
1.0439884080
1.0476177684
1.0400133942
1.0409063321
1.0526297424
1.0387459985
1.0538107247
1.0406758965
1.0441324303
1.0631145614
1.0459183060
1.0452846082
1.0520536534
1.0506422355
1.0422601411
1.0391492608
1.0489139686
1.0487123375
1.0458895016
1.0398693720
1.0490003819
1.0438731902
1.0365856649
1.0455150438
1.0428074257
1.0430666657
1.0583330230
1.0492596220
1.0479058129
1.0459759149
1.0607237922
1.0458895016
1.0542139870
1.0451693904
1.0524281112
1.0466960261
1.0505270177
1.0458895016
1.0431818835
1.0530906135
1.0564895384
1.0358367493
1.0407335054
1.0528313735
1.0503541910
1.0500949510
1.0540411603
1.0450253681
1.0525145246
1.0426345990
1.0540123559
1.0454286304
1.0436427546
1.0483378796
1.0468400484
1.0385443674
1.0466384172
1.0521976757
1.0518232178
1.0432106879
1.0507574533
1.0551645338
1.0417416611
1.0402438298
1.0362976204
1.0456014571
1.0532634402
1.0424905767
1.0391492608
1.0430090568
1.0601188988
1.0382851273
1.0444492792
1.0396101319
1.0617031434
1.0450829770
1.0394661097
1.0446797148
1.0380258873
1.0534074625
1.0367296872
1.0475313551
1.0439307991
1.0470128750
1.0478770085
1.0511031066
1.0581313919
1.0554525783
1.0530330046
1.0473873329
1.0486259241
1.0412231810
1.0416264433
1.0467824395
1.0560286672
1.0455726526
1.0452269993
1.0514487600
1.0415688344
1.0395237186
1.0453422171
1.0415976388
1.0523416979
1.0448525415
1.0395525230
1.0461775461
1.0510454977
1.0416264433
1.0449101503
1.0471568973
1.0358943582
1.0490867953
1.0428938390
1.0474449418
1.0443340614
1.0450253681
1.0423177500
1.0533210491
1.0521400668
1.0440748214
1.0424329678
1.0479922263
1.0370753405
1.0459183060
1.0452558037
1.0423177500
1.0517944134
1.0428650345
1.0437291680
1.0506998444
1.0472721151
1.0366432738
1.0485971197
1.0426922079
1.0465808083
1.0478482040
1.0409063321
1.0487411419
1.0502389732
1.0491155997
1.0575264985
1.0453422171
1.0381123007
1.0434699280
1.0516215867
1.0436139502
1.0429514479
1.0447085192
1.0516215867
1.0382563229
1.0538683336
1.0476753773
1.0499797332
1.0352894648
1.0492884264
1.0406758965
1.0453134126
1.0528889824
1.0551933382
1.0405318743
1.0537819203
1.0467824395
1.0550493160
1.0451117815
1.0418856833
1.0473009195
1.0550205115
1.0466096128
1.0409927454
1.0417128566
1.0457166749
1.0511031066
1.0479922263
1.0373345806
1.0482802707
1.0459183060
1.0447085192
1.0392932830
1.0458895016
1.0438443858
1.0478193996
1.0510743022
1.0477329862
1.0457454793
1.0452846082
1.0525433290
1.0480786396
1.0452558037
1.0446797148
1.0506998444
1.0399845898
1.0540987692
1.0415688344
1.0518520223
1.0482802707
1.0492884264
1.0589955253
1.0465808083
1.0456878704
1.0475601596
1.0517656089
1.0358079448
1.0355775092
1.0480786396
1.0384867585
1.0280595484
1.0541851826
1.0322649977
1.0486259241
1.0439596036
1.0394373053
1.0492884264
1.0535226803
1.0384003451
1.0262448681
1.0511607155
1.0529177869
1.0330427178
1.0484819019
1.0490579908
1.0453710215
1.0538395292
1.0517944134
1.0365280560
1.0568351918
1.0430090568
1.0413383988
1.0410791588
1.0471568973
1.0401574165
1.0480786396
1.0489715775
1.0443916703
1.0373921895
1.0556830138
1.0437003635
1.0426922079
1.0540699648
1.0481938574
1.0501813643
1.0367008827
1.0467248306
1.0562879072
1.0342525046
1.0455438482
1.0433835146
1.0377378428
1.0491444042
1.0362112071
1.0401574165
1.0480210307
1.0387171941
1.0523993068
1.0484242930
1.0522840890
1.0589379165
1.0346269625
1.0468976572
1.0287508551
1.0503829954
1.0400133942
1.0404166565
1.0468112439
1.0397829586
1.0411367677
1.0437579724
1.0385443674
1.0494900576
1.0550205115
1.0403878520
1.0555101872
1.0513911511
1.0408775276
1.0378242562
1.0325818467
1.0439019947
1.0378242562
1.0456878704
1.0428362301
1.0477617907
1.0317465177
1.0408199188
1.0383427362
1.0388324119
1.0444204747
1.0473873329
1.0426345990
1.0491155997
1.0380546918
1.0400710031
1.0481938574
1.0444780836
1.0486835330
1.0358079448
1.0492308175
1.0436139502
1.0388612163
1.0420009011
1.0461775461
1.0466960261
1.0389764341
1.0495188620
1.0403014387
1.0431818835
1.0321497799
1.0426057945
1.0426634034
1.0363552293
1.0429802523
1.0418568789
1.0446797148
1.0430666657
1.0465231994
1.0527737646
1.0359231626
1.0400710031
1.0495188620
1.0496052753
1.0374786028
1.0393220875
1.0458606971
1.0458030882
1.0337628290
1.0459759149
1.0376514295
1.0464943950
1.0434699280
1.0472145062
1.0341084824
1.0368737094
1.0428074257
1.0428938390
1.0436139502
1.0396101319
1.0453998260
1.0454574349
1.0466960261
1.0483378796
1.0311992332
1.0354622915
1.0471857017
1.0424041634
1.0517080000
1.0363840338
1.0409927454
1.0328698911
1.0441612347
1.0461487416
1.0315448865
1.0424905767
1.0373057761
1.0376802339
1.0367584916
1.0416840522
1.0417704655
1.0343101135
1.0390340430
1.0487699464
1.0413960077
1.0469264617
1.0358367493
1.0405894832
1.0384867585
1.0477041818
1.0393508919
1.0461775461
1.0425769901
1.0439884080
1.0325530422
1.0376514295
1.0355775092
1.0451981948
1.0429802523
1.0479634218
1.0307959709
1.0336764157
1.0493460353
1.0365568605
1.0466384172
1.0301622730
1.0369889272
1.0416552477
1.0353182692
1.0388612163
1.0425193812
1.0392932830
1.0344253313
1.0553373605
1.0432682968
1.0345981580
1.0513911511
1.0361535982
1.0377954517
1.0353470737
1.0498645154
1.0357215315
1.0386307807
1.0294133574
1.0363552293
1.0360383804
1.0365568605
1.0271378060
1.0457166749
1.0268785660
1.0362112071
1.0394085008
1.0392644786
1.0432682968
1.0479346174
1.0305655353
1.0421161189
1.0460911327
1.0296149885
1.0358367493
1.0330715223
1.0352318559
1.0394373053
1.0405318743
1.0333595668
1.0336188068
1.0367584916
1.0336188068
1.0396101319
1.0344253313
1.0317177132
1.0475025507
1.0391204563
1.0377954517
1.0350302247
1.0367872961
1.0368449049
1.0451405859
1.0411943766
1.0346845714
1.0391492608
1.0339932646
1.0445644970
1.0464079816
1.0391204563
1.0366720783
1.0371329494
1.0426634034
1.0427498168
1.0405894832
1.0386595852
1.0409063321
1.0329851089
1.0392644786
1.0386307807
1.0287796595
1.0365280560
1.0344829402
1.0445933014
1.0316601043
1.0369313183
1.0415400299
1.0389188252
1.0484242930
1.0388612163
1.0427210123
1.0375938206
1.0344253313
1.0386883896
1.0322073888
1.0405318743
1.0328122822
1.0426922079
1.0367296872
1.0405030698
1.0320921711
1.0423177500
1.0309687976
1.0293845530
1.0321209755
1.0227595299
1.0293845530
1.0324666289
1.0475025507
1.0433835146
1.0317177132
1.0365280560
1.0317465177
1.0380834962
1.0360959893
1.0398405675
1.0348285936
1.0423753589
1.0349726158
1.0343389180
1.0365280560
1.0310840154
1.0385155629
1.0393796964
1.0309111887
1.0377666473
1.0298742286
1.0330715223
1.0258704103
1.0406182876
1.0351166381
1.0344253313
1.0395237186
1.0383427362
1.0405030698
1.0318329310
1.0333307623
1.0279155261
1.0544732270
1.0301046642
1.0318905399
1.0300470553
1.0361535982
1.0399557853
1.0433835146
1.0339644602
1.0300182508
1.0376802339
1.0328698911
1.0355199003
1.0326970645
1.0256687792
1.0289236818
1.0326394556
1.0368449049
1.0310264065
1.0356927270
1.0385155629
1.0414248122
1.0269649793
1.0383715407
1.0292117263
1.0317177132
1.0320057577
1.0313144510
1.0339068513
1.0348862025
1.0282611795
1.0327258689
1.0352318559
1.0291541174
1.0216937654
1.0299606419
1.0269073704
1.0354046826
1.0316889088
1.0384579540
1.0313720599
1.0345693536
1.0287796595
1.0333883712
1.0351454425
1.0351742470
1.0349150069
1.0292405307
1.0313432554
1.0296437930
1.0263024770
1.0347421803
1.0223562677
1.0323226066
1.0483666841
1.0369025138
1.0236524678
1.0304791220
1.0244877968
1.0277138950
1.0358943582
1.0262736726
1.0329563045
1.0191589740
1.0362112071
1.0277426994
1.0226731166
1.0239117079
1.0295285752
1.0339068513
1.0274834594
1.0342237002
1.0417416611
1.0313720599
1.0318905399
1.0327834778
1.0368737094
1.0239693168
1.0313432554
1.0324666289
1.0377954517
1.0355775092
1.0231915967
1.0210888720
1.0231339878
1.0246606235
1.0339356557
1.0324666289
1.0272818283
1.0356351181
1.0312856465
1.0230475744
1.0194470184
1.0304215131
1.0332155445
1.0253231258
1.0311992332
1.0231915967
1.0361824026
1.0229323566
1.0237676856
1.0258992148
1.0249486680
1.0286068329
1.0288084640
1.0303927086
1.0278003083
1.0329275000
1.0216073520
1.0222698543
1.0351166381
1.0263312815
1.0252367125
1.0195334318
1.0328986956
1.0312568421
1.0342237002
1.0389188252
1.0354910959
1.0208296319
1.0344541358
1.0237676856
1.0265329126
1.0275122638
1.0214921342
1.0300182508
1.0359519671
1.0315160821
1.0315448865
1.0391204563
1.0255823658
1.0166529870
1.0289812907
1.0291829218
1.0328122822
1.0371041450
1.0238540990
1.0235084456
1.0157600491
1.0285492240
1.0267345438
1.0286644418
1.0191013651
1.0218089832
1.0282035706
1.0290677040
1.0220682232
1.0267057393
1.0180067961
1.0279731350
1.0327546734
1.0262160637
1.0232492056
1.0227883344
1.0275122638
1.0317465177
1.0376802339
1.0303350997
1.0254095392
1.0353182692
1.0263312815
1.0292693352
1.0265905215
1.0252655169
1.0223274632
1.0168546181
1.0218089832
1.0340796780
1.0319769533
1.0304503175
1.0247182324
1.0415400299
1.0201095207
1.0224714855
1.0282323750
1.0273106327
1.0305367309
1.0252943214
1.0284340062
1.0185540806
1.0162497247
1.0296149885
1.0220394188
1.0175459249
1.0184964717
1.0313720599
1.0269361749
1.0293845530
1.0239117079
1.0215785476
1.0271090016
1.0184100583
1.0277426994
1.0230763789
1.0133692799
1.0181508183
1.0205991964
1.0184100583
1.0221258321
1.0231627922
1.0246318191
1.0239405123
1.0317753221
1.0294421618
1.0235948589
1.0194182140
1.0212328942
1.0253807347
1.0189285384
1.0117562309
1.0246030146
1.0216937654
1.0214921342
1.0189861473
1.0184100583
1.0155872224
1.0227019211
1.0150687424
1.0149823290
1.0163937470
1.0253231258
1.0132252577
1.0150111335
1.0251214947
1.0166817915
1.0250062769
1.0218377876
1.0173154893
1.0192165829
1.0252079080
1.0204263697
1.0245742102
1.0253519303
1.0256687792
1.0142910223
1.0059953413
1.0219530054
1.0169698359
1.0233356189
1.0229323566
1.0203687608
1.0178627738
1.0184388628
1.0192453873
1.0201383252
1.0144350445
1.0185252761
1.0226731166
1.0194758229
1.0342237002
1.0227307255
1.0232780100
1.0255247569
1.0250926902
1.0194182140
1.0158752669
1.0192741918
1.0169986404
1.0180644049
1.0117850353
1.0222698543
1.0108920974
1.0250350813
1.0216361565
1.0202823474
1.0191013651
1.0233068145
1.0254095392
1.0142910223
1.0182084272
1.0216649609
1.0208296319
1.0220394188
1.0155584180
1.0158752669
1.0019051097
1.0208008275
1.0186981028
1.0284916151
1.0099127462
1.0138589556
1.0129948221
1.0193606051
1.0251791036
1.0102872040
1.0194758229
1.0149535246
1.0171714671
1.0158176580
1.0148671112
1.0231627922
1.0098263329
1.0099127462
1.0098839418
1.0133980844
1.0189573428
1.0100567684
1.0133980844
1.0123035154
1.0179779916
1.0176323382
1.0163361381
1.0175747293
1.0155296135
1.0114969908
1.0080692615
1.0154720046
1.0069746925
1.0203399563
1.0114681864
1.0212040898
1.0112089464
1.0093078528
1.0112377508
1.0263024770
1.0212040898
1.0101143773
1.0077236082
1.0189285384
1.0135133022
1.0055344701
1.0213193076
1.0175171204
1.0146942845
1.0042094655
1.0174019026
1.0146078712
1.0202823474
1.0173442938
1.0176035338
1.0118426442
1.0102872040
1.0094518750
1.0163361381
1.0188133206
1.0165953781
1.0102007907
1.0025388076
1.0120442753
1.0172866849
1.0108344885
1.0119290576
1.0110649241
1.0155872224
1.0127067776
1.0114393819
1.0131388444
1.0187557117
1.0064274080
1.0154432002
1.0105464441
1.0120730798
1.0119578620
1.0072627370
1.0097111151
1.0030284832
1.0193318007
1.0093078528
0.9969219402
1.0054192523
1.0058225146
1.0099415507
1.0100855729
1.0176899471
1.0161921158
1.0091926350
1.0059089280
1.0038638122
1.0024523942
1.0075507815
1.0149247201
1.0110361197
1.0004936918
1.0064274080
1.0100567684
1.0202535430
1.0089910039
1.0195622362
1.0127067776
0.9979300959
1.0168258137
0.9975556381
1.0138877600
1.0116122086
1.0062545813
1.0130812355
1.0089333950
1.0199654985
1.0013290207
1.0114681864
1.0106904663
0.9999752117
1.0114681864
1.0169986404
1.0036621810
1.0087317638
1.0124475376
1.0139165645
0.9949920422
1.0027116342
1.0106616618
0.9999464072
1.0060817546
1.0118138398
1.0016746741
1.0035757677
1.0035469632
1.0006953229
1.0152991780
1.0021355453
1.0057649057
1.0039790299
1.0047855545
0.9907289839
1.0094518750
0.9981029226
1.0035469632
1.0098263329
1.0097975284
1.0038926166
1.0026828298
0.9991686872
1.0038926166
1.0031437010
1.0044687056
1.0022795675
1.0006665184
1.0051888168
0.9978148781
0.9957985668
1.0001480384
1.0021067408
1.0086741549
1.0153567868
1.0020779364
1.0064274080
1.0128796043
1.0055056657
1.0059377324
1.0029996787
1.0104600307
1.0032013099
1.0007241273
1.0082996971
1.0038062033
1.0081556749
1.0074067592
1.0093366572
1.0028556565
1.0014154341
0.9957985668
0.9995143405
1.0073779548
0.9955393267
0.9989094471
1.0063697991
0.9897208283
1.0149823290
0.9995143405
1.0024811987
0.9983045537
1.0091062217
1.0083573060
0.9975844425
1.0022795675
1.0008393451
0.9917659441
0.9951072600
0.9940702999
0.9932637753
1.0034029410
1.0023659809
0.9985637938
0.9961154157
1.0026252209
1.0084149149
1.0030860921
1.0067442569
0.9977860737
0.9923708375
0.9921115974
0.9972387891
1.0032877232
0.9927452953
1.0023371764
1.0074931726
1.0002056473
0.9989670560
0.9982181404
1.0094230706
1.0051600123
0.9912186595
1.0064850169
0.9960001979
0.9948192155
1.0055632746
0.9990534694
1.0010985852
0.9946175844
1.0018186964
0.9973828114
1.0087029594
1.0024811987
1.0011849985
1.0047279456
1.0028556565
1.0016746741
1.0041518566
0.9938110599
0.9976996603
1.0030860921
0.9977860737
1.0019915230
1.0052752301
1.0131676488
0.9930045353
0.9917659441
0.9953088911
0.9923132286
1.0010121718
0.9998599939
1.0002920606
0.9957409579
0.9981317270
0.9859762500
0.9991398827
1.0008393451
1.0068306703
0.9937822554
0.9875604947
0.9938974732
0.9959713934
0.9960578068
0.9926300775
0.9875892991
0.9950496511
0.9952800867
0.9985061849
0.9904697439
0.9955393267
0.9897784372
0.9912474640
0.9924572508
1.0008681496
0.9987078160
0.9979589003
0.9875892991
0.9951360645
0.9955105223
0.9958561757
0.9891159349
0.9910746373
0.9985925982
0.9973252025
0.9954817178
0.9955393267
0.9877909303
0.9912186595
0.9991686872
0.9927740997
0.9853137477
0.9781126358
0.9841615698
0.9919387707
0.9934366020
0.9942431266
0.9832686319
0.9877909303
0.9902105039
0.9807338405
0.9902969172
0.9891159349
0.9867827746
0.9988806427
0.9886550637
0.9984197715
0.9902105039
0.9882229970
0.9839599387
0.9833262408
0.9914202907
0.9926876864
0.9907865928
0.9867251657
0.9907001795
0.9939262776
0.9930045353
0.9870708191
0.9859474456
0.9930045353
0.9928893175
0.9924860553
0.9789479648
0.9959137845
0.9835854809
0.9900088727
0.9837006987
0.9872724502
0.9886550637
0.9817131918
0.9924284464
0.9828941741
0.9870420146
0.9844496143
0.9940991043
0.9909306151
0.9897496327
0.9932061664
0.9896344149
0.9823468896
0.9908153973
0.9919675752
0.9929181220
0.9921404019
0.9857746189
0.9910170284
0.9881653881
0.9848816810
0.9735327286
0.9900664816
0.9888278904
0.9903545261
0.9875604947
0.9819148229
0.9791495959
0.9890295215
0.9787175292
0.9793800315
0.9848528766
0.9800713382
0.9835278720
0.9883670192
0.9932637753
0.9948480200
0.9784870936
0.9829229786
0.9822892807
0.9807914494
0.9849392899
0.9874452769
0.9858898367
0.9813675384
0.9847376588
0.9893463704
0.9855153789
0.9876469080
0.9885398459
0.9774501335
0.9780550269
0.9866387523
0.9835278720
0.9784006803
0.9826925430
0.9882229970
0.9851697255
0.9767012178
0.9830381964
0.9919099663
0.9856594011
0.9860626634
0.9785735069
0.9892023482
0.9779110046
0.9766148045
0.9878773436
0.9783718758
0.9797544893
0.9831534141
0.9764419778
0.9765571956
0.9726397907
0.9882806059
0.9758946933
0.9741664264
0.9854865744
0.9770756757
0.9843632010
0.9775653513
0.9813387339
0.9722941373
0.9875604947
0.9749729510
0.9736767508
0.9792360092
0.9752033865
0.9677430345
0.9806762316
0.9899512638
0.9809354717
0.9768740445
0.9768740445
0.9725533773
0.9694136925
0.9768740445
0.9829229786
0.9781990491
0.9720925062
0.9646609586
0.9767012178
0.9719772884
0.9833550453
0.9786311158
0.9706522838
0.9812811250
0.9777093735
0.9855153789
0.9710555461
0.9695577148
0.9736767508
0.9725533773
0.9733022930
0.9786023114
0.9811947117
0.9754050177
0.9684055368
0.9825773252
0.9762115422
0.9665044433
0.9800137293
0.9804746005
0.9698457592
0.9730430530
0.9750305599
0.9770180668
0.9802441649
0.9709691327
0.9718908750
0.9758946933
0.9785735069
0.9633935629
0.9721213106
0.9713147861
0.9746272976
0.9670805322
0.9707098927
0.9758946933
0.9708827194
0.9777381780
0.9794952493
0.9700761948
0.9723229418
0.9787175292
0.9714876128
0.9794952493
0.9769028490
0.9699321726
0.9625582339
0.9815691695
0.9779686135
0.9642576964
0.9696729326
0.9701049993
0.9668212922
0.9720637017
0.9798409026
0.9712283727
0.9807626450
0.9680886879
0.9683767324
0.9724381595
0.9605995315
0.9629038873
0.9668212922
0.9682039057
0.9746272976
0.9742816442
0.9616652960
0.9688376036
0.9673973812
0.9653810698
0.9660435721
0.9689240169
0.9644881319
0.9700473904
0.9647761764
0.9760387155
0.9640272608
0.9662163988
0.9633935629
0.9739647953
0.9689528214
0.9760963244
0.9717756572
0.9653810698
0.9675414034
0.9742240353
0.9785447025
0.9532543973
0.9731006618
0.9560484287
0.9630479095
0.9628174740
0.9600810514
0.9711419594
0.9616652960
0.9594761580
0.9608299671
0.9604843137
0.9700761948
0.9644881319
0.9608011626
0.9644305230
0.9747137109
0.9525918950
0.9672533589
0.9682039057
0.9633647585
0.9563076687
0.9676566212
0.9725245729
0.9577478911
0.9669653145
0.9623854072
0.9583527845
0.9733310974
0.9614636649
0.9637392163
0.9632783451
0.9612044249
0.9638832385
0.9502875391
0.9690968436
0.9642865008
0.9683191235
0.9612908382
0.9625870384
0.9595625714
0.9528799395
0.9633647585
0.9644593275
0.9686935813
0.9597065936
0.9674837945
0.9653234609
0.9567397355
0.9607435537
0.9527647217
0.9611180115
0.9555587531
0.9582951757
0.9634223674
0.9618957316
0.9619245361
0.9640848697
0.9553859264
0.9489337301
0.9650642209
0.9568261488
0.9660147677
0.9674549901
0.9686071680
0.9580935445
0.9564804954
0.9556451664
0.9665332477
0.9584103934
0.9561060376
0.9578919134
0.9565669088
0.9516701526
0.9525054816
0.9597065936
0.9611756204
0.9528511350
0.9551842953
0.9603114870
0.9551842953
0.9581511534
0.9549826641
0.9540321174
0.9497114502
0.9521310238
0.9682327102
0.9512092815
0.9576902822
0.9675125990
0.9542913574
0.9486744901
0.9565669088
0.9622413850
0.9566245177
0.9487032945
0.9490489479
0.9624718206
0.9620397539
0.9634223674
0.9581511534
0.9571141933
0.9536864640
0.9519005882
0.9480407922
0.9547522286
0.9578055000
0.9699609770
0.9661587899
0.9525054816
0.9540033129
0.9453043697
0.9476951388
0.9467157876
0.9508348237
0.9510364548
0.9542913574
0.9527359172
0.9510652592
0.9589000691
0.9521598283
0.9578343045
0.9459380675
0.9496538413
0.9544929885
0.9477239433
0.9516125437
0.9567397355
0.9588712646
0.9472918766
0.9550978819
0.9483864456
0.9493369924
0.9557027753
0.9524766772
0.9521022194
0.9467445921
0.9424239249
0.9512092815
0.9497402546
0.9447858896
0.9520734149
0.9466869832
0.9479255744
0.9442674095
0.9506619970
0.9444402362
0.9490201434
0.9533696151
0.9481272056
0.9469750276
0.9381896710
0.9438641473
0.9526206994
0.9482136189
0.9502587347
0.9506331925
0.9401771780
0.9479831833
0.9531391795
0.9494234057
0.9407532669
0.9486168812
0.9450739341
0.9427983827
0.9457364364
0.9465141565
0.9418478359
0.9466869832
0.9396875023
0.9404364180
0.9437201250
0.9361157508
0.9387657600
0.9434896895
0.9453331741
0.9452755652
0.9404652224
0.9516413482
0.9430000138
0.9453043697
0.9349347684
0.9357412930
0.9405228313
0.9431152316
0.9371815154
0.9472918766
0.9454771964
0.9428559916
0.9439217562
0.9449011074
0.9426543605
0.9378152132
0.9404652224
0.9448434985
0.9437777339
0.9389673911
0.9529663528
0.9337249816
0.9420494671
0.9354244441
0.9398315246
0.9399755468
0.9450739341
0.9400043513
0.9404364180
0.9350787907
0.9358565108
0.9415597914
0.9500859080
0.9408396803
0.9384489111
0.9376711910
0.9378728221
0.9368358620
0.9407244625
0.9338978083
0.9427119694
0.9383336933
0.9376999954
0.9421070760
0.9475223122
0.9506908014
0.9383913022
0.9479543789
0.9374407554
0.9384489111
0.9496250368
0.9486744901
0.9488761212
0.9428847960
0.9452179563
0.9352516174
0.9445554540
0.9440369740
0.9383336933
0.9387081511
0.9359141197
0.9497978635
0.9463413298
0.9419918582
0.9471190499
0.9381896710
0.9480407922
0.9434896895
0.9493946013
0.9485304678
0.9514685215
0.9429136005
0.9469462232
0.9538304862
0.9548674464
0.9472918766
0.9449875207
0.9436049072
0.9540897263
0.9464565476
0.9465429609
0.9524478727
0.9425679471
0.9408108758
0.9506331925
0.9385353244
0.9467157876
0.9440081695
0.9572006066
0.9456500230
0.9449299118
0.9487897079
0.9447282807
0.9480695967
0.9460820898
0.9472054632
0.9539457040
0.9504315614
0.9486744901
0.9434896895
0.9487609034
0.9569989755
0.9512956948
0.9552995131
0.9592169180
0.9531103750
0.9559044065
0.9472342677
0.9586696335
0.9526206994
0.9480119878
0.9445842585
0.9486168812
0.9493081879
0.9540609218
0.9525918950
0.9550114686
0.9582087623
0.9583815890
0.9556163620
0.9560484287
0.9437777339
0.9574598467
0.9616364916
0.9515261304
0.9540321174
0.9608011626
0.9613196427
0.9590152868
0.9561060376
0.9585544157
0.9562500599
0.9594761580
0.9529951572
0.9515549349
0.9599370292
0.9540609218
0.9697017370
0.9584103934
0.9635087807
0.9636528030
0.9657267232
0.9667924878
0.9622989939
0.9657267232
0.9658707454
0.9571718022
0.9717756572
0.9555587531
0.9724381595
0.9556163620
0.9668789011
0.9630767140
0.9671093367
0.9613772516
0.9625006250
0.9567109310
0.9577478911
0.9650354164
0.9625006250
0.9684055368
0.9683767324
0.9618957316
0.9757218666
0.9683479280
0.9760099111
0.9576902822
0.9641424786
0.9647185675
0.9727550085
0.9680886879
0.9572006066
0.9677142301
0.9717756572
0.9699897815
0.9689240169
0.9791207914
0.9691832569
0.9634223674
0.9800425338
0.9789767692
0.9749441465
0.9748289287
0.9581223490
0.9705370660
0.9699033681
0.9616941005
0.9709691327
0.9730142485
0.9749153421
0.9732158796
0.9691256480
0.9651794387
0.9727262040
0.9735903375
0.9730142485
0.9721213106
0.9760099111
0.9745120798
0.9782278536
0.9695289103
0.9685207546
0.9679734701
0.9762403467
0.9737919686
0.9739647953
0.9862066856
0.9725821818
0.9695001059
0.9792360092
0.9732734885
0.9679158612
0.9828653697
0.9783430714
0.9887414770
0.9762979556
0.9750593643
0.9768452401
0.9732734885
0.9804169916
0.9789767692
0.9777381780
0.9830958053
0.9716604395
0.9865523390
0.9656691143
0.9766148045
0.9857170100
0.9893463704
0.9785447025
0.9765860000
0.9713435905
0.9749441465
0.9779398091
0.9794664448
0.9749441465
0.9771908934
0.9808490583
0.9866387523
0.9859186411
0.9864083168
0.9779110046
0.9893463704
0.9747425154
0.9831822186
0.9809066672
0.9739071864
0.9909306151
0.9817708007
0.9744256664
0.9782278536
0.9801577516
0.9848240721
0.9802441649
0.9923420330
0.9850833122
0.9838735253
0.9856594011
0.9850545077
0.9819724318
0.9950208467
0.9831822186
0.9972963980
0.9839311342
0.9804457961
0.9777093735
0.9877333214
0.9815979740
0.9912474640
0.9882518014
0.9914202907
0.9898648505
0.9867539701
0.9918523574
0.9934077976
0.9880213658
0.9888566948
0.9908153973
0.9926588819
0.9989094471
0.9823756941
0.9879637569
0.9920827930
0.9968643313
1.0024523942
0.9856305967
0.9860050545
0.9937246465
0.9887126726
0.9909018106
0.9997735806
0.9845072232
0.9923132286
0.9981029226
0.9949632378
0.9853137477
0.9907289839
0.9890583260
0.9932637753
0.9911610507
0.9883958237
0.9847664632
0.9979877048
0.9940126910
0.9907001795
0.9911610507
0.9951072600
1.0015306519
0.9950784556
0.9878197347
0.9923132286
0.9921692063
1.0006089095
1.0093942661
0.9937534510
0.9979877048
1.0036333766
1.0034893543
0.9936094287
1.0026540253
1.0009257585
0.9974692247
0.9926876864
1.0022795675
0.9991398827
0.9929469264
0.9973828114
0.9931197531
0.9917947485
0.9932349709
1.0055344701
1.0027980476
0.9996871672
1.0062833858
1.0056496879
1.0045263145
0.9993415138
1.0023083720
1.0056784924
1.0051600123
0.9975268336
0.9962594379
1.0021355453
1.0071763237
1.0015882608
1.0021067408
0.9985349893
1.0054480568
1.0052176212
1.0016746741
1.0011273896
1.0063697991
0.9987366204
0.9997735806
1.0021643497
1.0052176212
1.0035469632
1.0001480384
1.0066578436
1.0077524126
0.9953376956
1.0026252209
1.0057072968
1.0006377140
1.0016458697
1.0006089095
1.0046991411
1.0059089280
1.0087893727
1.0054768612
1.0070323014
1.0146366757
0.9969219402
0.9965186780
1.0064274080
1.0050159901
1.0049295767
1.0055920790
1.0009257585
0.9989670560
1.0072915415
1.0039214211
1.0017610875
0.9948192155
0.9932061664
1.0043822922
0.9955969356
1.0055056657
1.0083573060
0.9984773804
0.9963170468
1.0060817546
1.0004360829
1.0099415507
1.0021067408
1.0050447945
1.0003208651
1.0116986220
0.9958561757
1.0011273896
0.9984485760
0.9948768244
1.0066866480
1.0044110967
1.0020779364
1.0115545997
1.0026540253
0.9941567132
1.0012426074
0.9905561572
1.0042382700
0.9894903927
1.0076083904
1.0009545629
0.9875604947
1.0037773988
0.9953953045
1.0096247017
1.0015882608
1.0024811987
1.0069170836
0.9959713934
1.0036333766
1.0019051097
1.0011849985
0.9969507447
1.0024523942
1.0010409763
1.0045263145
1.0002632562
0.9981029226
1.0017610875
1.0047855545
0.9957697623
0.9903545261
0.9956833490
1.0021355453
0.9956545445
0.9998023850
0.9961442201
1.0030284832
1.0011273896
1.0021355453
1.0008681496
1.0105176396
1.0016746741
1.0032877232
1.0057649057
0.9977284648
1.0001480384
0.9983909671
0.9931197531
1.0058801235
1.0078100215
0.9945023666
1.0013002163
1.0012714118
0.9911610507
1.0017610875
1.0092214395
0.9970371580
1.0003496695
1.0045263145
1.0000616250
1.0036333766
1.0043246833
0.9966050913
1.0061681680
1.0042094655
0.9936382332
1.0001480384
0.9986214026
1.0072339326
0.9982181404
0.9986502071
1.0040078344
0.9948192155
0.9951360645
1.0013002163
0.9974692247
1.0011849985
0.9918523574
0.9980453137
0.9994855361
1.0006665184
1.0129660177
1.0006953229
1.0077812171
0.9943583444
0.9926588819
0.9966338957
1.0015018474
1.0079828482
1.0084437194
0.9989958605
1.0072339326
0.9991398827
1.0020203275
1.0085301327
0.9988518382
1.0061681680
1.0011849985
1.0027692431
1.0022219586
0.9978436826
0.9969507447
1.0058225146
1.0039502255
0.9863507079
0.9993703183
0.9952800867
0.9955393267
0.9996583628
1.0002632562
0.9947616066
0.9966627002
1.0056208835
0.9961730246
1.0028844609
1.0004936918
0.9948480200
0.9942143221
1.0004648873
1.0034605499
1.0016746741
1.0009833674
0.9966915046
1.0039214211
1.0040078344
0.9989670560
0.9898936549
0.9927452953
1.0017898919
1.0042382700
0.9996007539
0.9894615882
1.0051024034
1.0044687056
0.9879925614
0.9910170284
0.9929757309
0.9949056289
0.9969795491
0.9928029042
0.9957985668
0.9962594379
0.9952800867
1.0021067408
0.9986790115
0.9940991043
1.0038926166
0.9967491135
1.0016458697
1.0033165276
1.0037485944
0.9935518198
1.0053040345
0.9957121534
0.9912474640
1.0078676304
0.9972963980
1.0015306519
0.9936958421
1.0038638122
0.9931773620
0.9998311895
0.9944735622
0.9923420330
1.0063409947
0.9968067224
0.9958849801
0.9979589003
1.0012426074
0.9973252025
1.0023947853
1.0029996787
1.0071187148
1.0030860921
1.0087317638
1.0034605499
1.0067730614
1.0148959157
0.9956833490
1.0048143589
0.9935518198
1.0028268520
0.9964322646
0.9904697439
0.9884246281
1.0018763053
1.0092502439
1.0023659809
0.9979300959
1.0009257585
0.9889143037
0.9957409579
0.9969795491
0.9937534510
1.0028556565
1.0006089095
1.0033453321
1.0047567500
0.9967203091
0.9997447761
0.9987366204
0.9997447761
0.9993415138
1.0034029410
1.0046415322
1.0002920606
1.0072339326
0.9942719310
0.9930621442
0.9960578068
0.9883382148
0.9879061480
0.9984485760
1.0094230706
0.9967203091
0.9983333582
1.0066290391
1.0025676120
0.9985925982
1.0034893543
0.9899512638
1.0041230522
0.9974692247
0.9972387891
0.9989670560
0.9946751933
0.9955105223
1.0005224962
1.0032013099
1.0025388076
1.0022795675
1.0010697807
1.0073779548
1.0023371764
0.9943583444
0.9832974364
0.9988230338
0.9942719310
0.9974980292
1.0018475008
0.9982469448
1.0053616434
1.0061105591
0.9932061664
0.9966050913
0.9971235714
1.0059089280
0.9955969356
1.0075507815
0.9988518382
0.9966050913
1.0001192339
0.9968067224
1.0010409763
1.0017610875
0.9975844425
0.9949632378
1.0026828298
1.0054192523
1.0027692431
0.9927164908
1.0039502255
1.0044110967
0.9922268152
1.0075507815
1.0072051281
0.9961154157
1.0028844609
0.9946751933
0.9974404203
0.9963746557
0.9972963980
1.0051312079
1.0004936918
0.9978436826
0.9983333582
1.0017610875
0.9949344333
0.9989382516
0.9966915046
1.0037197899
0.9947616066
0.9895768060
0.9956257401
0.9918235530
1.0005224962
0.9976996603
0.9888854993
0.9988518382
0.9934077976
1.0029420698
0.9993991227
0.9958849801
0.9983621626
1.0001768428
0.9894615882
1.0013866296
0.9994855361
0.9893175660
1.0079828482
0.9919675752
1.0050447945
0.9945599755
0.9998887984
1.0026828298
0.9982757493
1.0046127278
0.9966627002
0.9881653881
1.0059953413
0.9875028858
0.9940991043
0.9999464072
1.0012714118
0.9951072600
0.9975268336
0.9980165092
0.9901528950
0.9938398643
0.9937534510
0.9941279088
0.9951360645
0.9947039977
1.0006953229
0.9964610691
0.9959137845
1.0045551189
0.9896920238
1.0005801051
0.9955393267
0.9940126910
0.9962306335
0.9971235714
1.0000328206
0.9949920422
0.9907289839
1.0023371764
0.9901240905
0.9856017922
1.0068018658
0.9985349893
0.9898936549
1.0035181588
1.0005801051
0.9918235530
0.9943007355
0.9893175660
0.9996007539
1.0049007723
0.9977572692
0.9930045353
1.0025964165
0.9959713934
0.9864083168
0.9949056289
1.0028268520
0.9953376956
0.9773061112
1.0004648873
1.0005513007
0.9974404203
0.9905849617
0.9925436641
0.9990822738
1.0043246833
1.0029420698
1.0054192523
0.9949632378
1.0019915230
0.9941279088
1.0062833858
0.9932925798
0.9886262592
0.9943583444
0.9924572508
0.9919387707
0.9984197715
0.9902393083
0.9944159533
0.9995719494
0.9992839049
1.0035181588
0.9977284648
0.9928029042
0.9960001979
0.9955393267
0.9943007355
0.9923996419
0.9931197531
1.0016746741
1.0038926166
0.9988806427
1.0086165461
0.9956833490
0.9966338957
0.9963170468
1.0002056473
1.0035757677
0.9957121534
1.0021643497
0.9895480016
1.0005513007
0.9938686688
1.0000040161
1.0038638122
0.9975268336
1.0078964349
1.0008681496
1.0032013099
0.9961154157
1.0055056657
0.9994279272
0.9982757493
0.9900376772
0.9974404203
0.9935230154
0.9939550821
0.9983045537
0.9976996603
0.9901528950
0.9956257401
0.9899224594
0.9899800683
1.0031148965
0.9917947485
1.0011849985
1.0011849985
0.9884246281
0.9891447393
0.9886550637
0.9928605131
0.9905273528
0.9987942293
0.9969219402
0.9968067224
0.9978148781
1.0010697807
0.9960578068
1.0022795675
0.9955969356
0.9965474824
1.0004648873
0.9997447761
1.0012138030
0.9915355085
1.0002920606
0.9964322646
0.9896056105
1.0093654617
1.0016458697
0.9932925798
0.9998599939
0.9995431450
1.0011849985
1.0039214211
1.0036333766
0.9901528950
1.0015882608
0.9903833306
1.0053328390
1.0044975100
0.9945887799
0.9996007539
0.9921980108
0.9959137845
1.0070034970
0.9884534326
0.9880501703
0.9994279272
0.9879061480
1.0024523942
1.0163937470
0.9943871488
1.0041806611
1.0046991411
0.9982469448
0.9974116158
0.9993703183
0.9979012914
0.9913050729
0.9908730062
0.9980165092
1.0002056473
0.9887990859
0.9924284464
0.9971811803
0.9900952861
0.9921404019
0.9933501887
0.9997447761
0.9982181404
0.9928605131
0.9957697623
1.0057937102
0.9987942293
0.9917371396
0.9932349709
0.9892311526
0.9924284464
0.9944735622
1.0123035154
0.9977572692
0.9979877048
0.9913626818
0.9948192155
0.9895480016
1.0032013099
0.9931485576
1.0078964349
0.9993991227
0.9901528950
0.9998599939
0.9896632194
0.9966627002
0.9967203091
1.0007241273
1.0025388076
0.9970947669
0.9860626634
0.9964610691
0.9992262961
0.9983621626
0.9890583260
0.9991398827
1.0002344517
1.0004936918
0.9960866112
0.9938110599
0.9966915046
0.9907865928
0.9943583444
0.9922556197
1.0019051097
1.0011273896
0.9942431266
0.9979300959
0.9946751933
1.0033453321
0.9898648505
0.9924860553
0.9957985668
0.9945311711
0.9990534694
0.9970947669
1.0014730430
0.9953376956
1.0072051281
0.9971523758
0.9971523758
0.9974116158
0.9928029042
0.9976708559
0.9871860368
0.9896920238
0.9988518382
0.9959713934
0.9952800867
0.9931773620
1.0086165461
0.9970659625
0.9886838681
0.9979877048
0.9975556381
0.9977860737
0.9898648505
0.9835278720
0.9952512822
0.9891735438
0.9854001611
0.9881653881
1.0026828298
0.9980165092
0.9952224778
0.9891159349
0.9943007355
0.9904697439
0.9929181220
0.9944735622
0.9948768244
0.9905273528
0.9957985668
0.9995431450
0.9953376956
0.9880213658
0.9939550821
0.9901240905
0.9924284464
0.9977572692
0.9895191971
0.9948192155
0.9842479832
0.9947616066
0.9932925798
0.9984485760
0.9948480200
0.9927164908
0.9987654249
0.9890007171
0.9911034418
1.0005224962
0.9945023666
0.9945599755
0.9999464072
1.0005513007
0.9911610507
1.0013002163
0.9953953045
0.9899800683
1.0053904479
0.9959425890
0.9947039977
0.9984197715
0.9929469264
0.9957697623
0.9942719310
1.0009833674
0.9883958237
0.9949920422
0.9938110599
0.9928029042
0.9942431266
0.9957985668
0.9930045353
1.0007529318
1.0007241273
0.9950496511
0.9864083168
0.9953088911
0.9928893175
0.9888854993
0.9953376956
0.9966050913
0.9901240905
1.0068882792
0.9862930990
0.9924284464
0.9995719494
1.0055632746
0.9946175844
0.9966627002
0.9953088911
0.9895768060
0.9880501703
1.0000040161
0.9837006987
0.9963458513
0.9917659441
0.9932061664
0.9902681128
1.0013002163
0.9951072600
0.9973252025
0.9940991043
0.9978148781
0.9989958605
0.9974692247
0.9925436641
0.9938686688
0.9985061849
0.9925436641
0.9884822370
0.9902681128
0.9923132286
0.9996007539
0.9881077792
0.9970083536
0.9945599755
0.9981605315
0.9879061480
1.0029708743
0.9891447393
0.9921692063
0.9939262776
0.9907001795
0.9893751749
0.9992262961
0.9981605315
0.9897784372
0.9997735806
0.9867539701
0.9913050729
0.9957985668
0.9954529134
0.9987078160
0.9943871488
0.9916219218
0.9906425706
0.9822604763
0.9935806243
0.9838447209
0.9917659441
0.9926012730
0.9873876680
0.9852849433
1.0011273896
0.9882806059
1.0024523942
1.0043822922
0.9849392899
0.9940702999
0.9915643129
0.9926012730
0.9926012730
0.9907289839
0.9911610507
0.9909018106
0.9949920422
0.9913050729
0.9953953045
0.9966050913
0.9934654065
0.9883958237
0.9833262408
0.9970371580
0.9860626634
0.9952512822
0.9905273528
0.9947616066
1.0006089095
0.9885974548
0.9909594195
0.9903257217
0.9929469264
0.9902969172
0.9885110414
0.9967779180
0.9916219218
0.9939262776
0.9866675568
1.0006953229
0.9944447577
0.9938686688
0.9896632194
0.9960001979
0.9851121166
0.9890007171
0.9878485391
0.9853713566
0.9864659257
0.9960866112
0.9997447761
0.9937822554
1.0006377140
0.9988230338
0.9879925614
0.9937246465
0.9956545445
0.9953088911
0.9910170284
0.9924284464
0.9977572692
0.9878773436
0.9970947669
0.9994855361
0.9925436641
0.9907001795
0.9967779180
0.9992551005
0.9902969172
0.9910170284
0.9919675752
0.9934654065
0.9849968988
0.9955393267
0.9853137477
0.9993703183
0.9964322646
0.9824909118
1.0000328206
1.0009257585
0.9963170468
0.9984485760
0.9867251657
0.9957409579
0.9855441833
0.9953953045
0.9931485576
0.9956833490
0.9931197531
1.0011849985
0.9892599571
0.9816843873
0.9899512638
0.9923996419
0.9836142853
0.9892599571
0.9869267968
0.9960290023
0.9955105223
0.9840175476
0.9860626634
0.9897784372
0.9911898551
0.9913914862
0.9871860368
0.9890583260
0.9964898735
0.9991974916
1.0021643497
0.9951936734
0.9984197715
0.9941567132
0.9908442017
0.9908730062
0.9882518014
0.9998311895
0.9822604763
1.0009257585
0.9957985668
0.9911610507
0.9922844241
0.9960001979
0.9969219402
0.9951360645
0.9886838681
0.9963746557
0.9819148229
1.0014442385
0.9885398459
0.9892023482
0.9898072416
0.9873012546
0.9921115974
1.0011849985
0.9981029226
0.9928317086
0.9880501703
0.9902681128
0.9885110414
0.9897496327
0.9938398643
0.9978148781
0.9910170284
0.9872436457
0.9945311711
0.9926300775
0.9994855361
0.9912186595
1.0006377140
0.9891159349
1.0011561941
0.9974692247
0.9945599755
0.9877333214
0.9930045353
0.9994567316
0.9910746373
0.9881077792
0.9952800867
0.9911898551
0.9870420146
0.9995143405
1.0019339141
0.9941567132
0.9957697623
0.9912186595
0.9976132470
0.9944159533
0.9961154157
0.9889719126
0.9818860184
0.9997735806
0.9822892807
0.9996871672
0.9853713566
0.9981893359
0.9831534141
0.9955105223
0.9924572508
0.9979589003
0.9967203091
0.9984485760
0.9958849801
0.9923996419
0.9934654065
0.9934942109
0.9910170284
0.9952800867
0.9831246097
0.9985925982
0.9945599755
0.9797832937
0.9947328022
0.9997735806
0.9880501703
0.9874740813
0.9985349893
0.9832974364
0.9871284280
0.9850257033
0.9935806243
0.9949632378
0.9862642945
1.0021355453
0.9939550821
0.9957697623
1.0017034786
0.9819724318
0.9959713934
0.9862354901
0.9832398275
0.9981605315
0.9871860368
0.9998887984
0.9834126542
0.9888278904
0.9955105223
0.9894615882
0.9916795307
0.9937246465
0.9940702999
1.0059665368
0.9859186411
0.9926876864
0.9862066856
0.9890871304
0.9891159349
0.9946463888
0.9946175844
0.9917083352
0.9883382148
0.9942431266
0.9994567316
0.9960578068
0.9898936549
0.9967491135
0.9941279088
0.9938974732
0.9936094287
0.9894903927
0.9963170468
0.9789767692
0.9917371396
0.9933789931
0.9843632010
0.9916219218
1.0047567500
0.9929469264
0.9936670376
1.0034317454
0.9901816994
0.9844784188
0.9910458329
0.9947904111
0.9862354901
0.9859474456
0.9838447209
0.9984773804
0.9939550821
0.9873012546
0.9914778996
0.9937246465
0.9970659625
0.9924860553
0.9997447761
0.9876757125
0.9847376588
0.9887702815
0.9906713750
0.9918235530
0.9872724502
0.9873300591
0.9887414770
0.9975844425
0.9892311526
0.9941567132
0.9968355269
0.9899800683
0.9915643129
0.9920827930
0.9927740997
0.9928029042
0.9902393083
0.9968067224
0.9805898183
0.9932349709
0.9883958237
0.9953088911
0.9985349893
0.9886550637
0.9947328022
0.9974692247
0.9888854993
0.9836430898
0.9976420514
0.9953665000
0.9924860553
0.9951072600
0.9942143221
0.9902105039
0.9931197531
0.9838159164
0.9870420146
0.9976420514
0.9854577700
0.9881077792
0.9963458513
0.9904121350
0.9864371212
1.0000904295
0.9890871304
1.0020203275
0.9856882056
0.9821740629
0.9961730246
0.9878485391
0.9972675936
0.9885974548
0.9911322462
0.9906425706
0.9921115974
0.9894327838
0.9957697623
0.9943295399
0.9970371580
0.9938398643
0.9792936181
0.9979300959
0.9973540069
0.9800137293
0.9951648689
0.9828653697
1.0001192339
0.9860914678
0.9860914678
0.9869267968
0.9893175660
0.9867251657
0.9915355085
1.0016746741
0.9889719126
0.9868115790
0.9894327838
0.9945599755
0.9863795123
0.9989382516
0.9944159533
0.9911610507
0.9848240721
0.9862642945
0.9984485760
0.9946751933
0.9914202907
0.9911898551
0.9943583444
0.9808490583
0.9875028858
0.9916795307
0.9898360461
0.9936382332
0.9906137661
0.9818572140
0.9925724686
0.9860050545
0.9959137845
0.9978148781
0.9905561572
0.9936670376
0.9919099663
0.9956545445
0.9914202907
0.9972963980
0.9912186595
0.9934654065
0.9874164724
0.9818284095
0.9901528950
0.9901240905
0.9858898367
0.9933501887
0.9905273528
1.0025388076
0.9979589003
0.9890295215
0.9914202907
0.9894039793
0.9952224778
0.9782278536
0.9866675568
0.9850545077
0.9938398643
0.9873876680
0.9838447209
0.9872436457
0.9884822370
0.9925148597
0.9860338589
0.9890871304
0.9880213658
0.9981029226
0.9934654065
0.9879061480
0.9898360461
0.9882806059
0.9951936734
0.9906137661
0.9855729878
0.9879349525
1.0006953229
0.9914490951
0.9881077792
1.0012426074
0.9925724686
0.9912762684
0.9968931358
0.9828365652
0.9915067040
0.9915643129
0.9832686319
0.9991686872
0.9817419962
0.9826061296
0.9806762316
0.9838447209
0.9973252025
0.9863507079
0.9771044801
0.9978724870
0.9881365836
0.9919675752
0.9845936365
0.9860626634
0.9978724870
0.9939262776
1.0016746741
0.9867827746
0.9799561204
0.9886550637
0.9877621258
0.9828077608
0.9950208467
1.0006089095
0.9836718942
0.9875316902
0.9897208283
0.9898072416
0.9964610691
0.9902969172
0.9856305967
0.9898936549
0.9960866112
0.9880501703
0.9972099847
0.9895480016
0.9884534326
0.9954817178
0.9955393267
0.9938686688
0.9867539701
0.9812811250
0.9895480016
0.9956833490
0.9841615698
0.9966915046
0.9839887431
0.9851409211
0.9900088727
0.9921980108
0.9785447025
0.9824621074
0.9857746189
0.9903833306
0.9954817178
0.9865523390
0.9927164908
0.9822316718
0.9868403835
0.9850545077
0.9864083168
0.9859474456
0.9987942293
0.9883382148
0.9975844425
0.9901528950
0.9904985484
0.9884822370
0.9852561388
0.9933501887
0.9927452953
0.9930909487
0.9845360276
0.9907001795
0.9932925798
0.9845936365
0.9937822554
0.9873588635
1.0041518566
1.0009833674
0.9857746189
0.9995431450
0.9877333214
0.9887126726
0.9887990859
0.9817996051
0.9811082984
0.9898072416
0.9957985668
0.9874164724
0.9807626450
0.9851409211
0.9864083168
0.9879637569
0.9979877048
0.9735903375
0.9903545261
0.9969219402
0.9896056105
0.9792648137
0.9954241089
0.9890583260
0.9927452953
0.9917083352
1.0005224962
0.9857458145
0.9877909303
0.9874740813
1.0000904295
0.9882229970
0.9905849617
0.9943871488
0.9947616066
0.9925436641
0.9859762500
0.9837295031
0.9911898551
0.9965474824
0.9914778996
0.9913626818
0.9807338405
0.9921115974
0.9866675568
0.9938398643
0.9849392899
0.9855153789
0.9898360461
0.9868691879
0.9857458145
0.9807338405
0.9797832937
0.9900952861
0.9910458329
0.9819724318
0.9845936365
0.9881365836
0.9862930990
0.9974404203
0.9857458145
0.9850545077
0.9910170284
0.9876181036
0.9877045169
0.9822892807
0.9945311711
0.9871284280
0.9946751933
0.9868403835
0.9873012546
1.0015306519
0.9920539885
0.9943295399
0.9898072416
0.9930333398
0.9854865744
0.9896920238
0.9920539885
0.9848816810
0.9928893175
0.9914490951
0.9833550453
0.9870996235
0.9955681312
0.9936958421
1.0080116526
0.9906137661
0.9930333398
0.9820300407
0.9902681128
0.9839599387
0.9998599939
0.9927164908
0.9910458329
0.9976996603
0.9804457961
0.9869267968
0.9923996419
0.9900376772
0.9902969172
0.9844496143
0.9955105223
0.9770468712
0.9971811803
0.9835566764
0.9762403467
0.9876469080
0.9797544893
0.9842767876
0.9861778812
0.9905849617
0.9857746189
0.9949056289
0.9845360276
0.9851409211
0.9945599755
0.9868115790
0.9879637569
0.9870996235
0.9886838681
0.9875316902
0.9845936365
0.9960290023
0.9895768060
0.9866387523
0.9858898367
0.9849968988
0.9786599203
0.9934654065
0.9941279088
0.9875892991
0.9851121166
0.9843632010
1.0008681496
0.9907289839
0.9986502071
0.9941567132
0.9902681128
0.9927452953
0.9991686872
0.9929469264
0.9847952677
0.9834702631
0.9933213842
0.9944159533
0.9849104855
0.9881365836
0.9862066856
0.9855153789
0.9858898367
0.9843632010
0.9860338589
0.9917947485
0.9832398275
0.9948192155
0.9823180852
0.9855441833
0.9893751749
0.9782854625
0.9831246097
0.9896056105
0.9900952861
0.9889719126
0.9860626634
0.9816267784
0.9813675384
0.9887702815
0.9805610138
0.9953088911
0.9938686688
0.9909306151
0.9855441833
0.9892311526
0.9832974364
0.9901528950
0.9917371396
0.9986214026
0.9908153973
0.9825773252
0.9927164908
0.9823756941
0.9922844241
0.9855153789
0.9964322646
0.9954529134
0.9892311526
0.9915355085
0.9967779180
0.9843632010
0.9945023666
0.9906713750
0.9895768060
0.9826061296
0.9949056289
0.9915643129
0.9752609954
0.9917659441
0.9923708375
0.9932349709
0.9874164724
0.9899800683
0.9909306151
0.9873588635
0.9916795307
0.9917659441
0.9862642945
0.9841039609
0.9873300591
0.9879061480
0.9845360276
0.9893463704
0.9936382332
0.9900664816
0.9824044985
0.9812235161
0.9886550637
0.9904697439
0.9820300407
0.9894327838
0.9931773620
0.9801001427
0.9862642945
0.9966338957
0.9849968988
0.9874740813
0.9909018106
0.9828653697
0.9894039793
0.9897208283
0.9823180852
0.9820300407
0.9937246465
0.9923132286
0.9906713750
0.9821740629
0.9988806427
0.9899224594
0.9884534326
0.9841327654
0.9894903927
0.9791784003
0.9829229786
0.9854289655
0.9913914862
0.9869556013
0.9986214026
0.9934077976
0.9838159164
0.9903833306
0.9844208099
0.9945311711
0.9914778996
0.9918523574
1.0030572876
0.9936670376
0.9912474640
0.9858610322
0.9829517830
0.9970371580
0.9925436641
0.9934077976
0.9937246465
0.9902105039
0.9836142853
0.9985349893
0.9919675752
0.9841327654
0.9901816994
0.9877621258
0.9900664816
0.9967779180
0.9882806059
0.9926876864
0.9849680944
0.9899800683
0.9940126910
0.9883382148
0.9838159164
0.9952512822
0.9810218850
0.9879925614
0.9890871304
0.9945311711
0.9889431082
0.9854289655
0.9875892991
0.9891447393
0.9740512086
0.9869267968
0.9853713566
0.9881653881
0.9797544893
0.9888566948
0.9871284280
0.9880213658
0.9782278536
0.9892599571
0.9941279088
0.9889719126
0.9774213290
0.9903257217
0.9881941925
0.9855153789
0.9947616066
0.9926300775
0.9951360645
0.9788327470
0.9890007171
0.9989382516
0.9919675752
0.9826637385
0.9953376956
0.9832398275
0.9813675384
0.9900376772
0.9889431082
0.9830381964
0.9938686688
0.9896056105
0.9880213658
0.9926588819
0.9890871304
0.9903257217
0.9761827378
0.9915931174
0.9902105039
0.9877909303
0.9809642761
0.9793224226
0.9932925798
0.9814539517
0.9894615882
0.9781702447
0.9914490951
0.9818284095
0.9810506895
0.9853425522
0.9899512638
0.9904697439
0.9881077792
0.9891447393
0.9892023482
0.9888278904
0.9936670376
0.9835566764
0.9875604947
0.9865523390
0.9856305967
0.9824333030
0.9900952861
0.9875604947
0.9851409211
0.9868691879
0.9872436457
0.9819724318
0.9829517830
0.9841615698
0.9781702447
0.9992839049
0.9921692063
0.9786023114
0.9871572324
0.9888566948
0.9882518014
0.9862642945
0.9907001795
0.9843343965
0.9835566764
0.9841903743
0.9943583444
0.9976420514
0.9750017554
0.9859762500
0.9898072416
0.9876469080
0.9854289655
0.9838735253
0.9866675568
0.9809642761
0.9883670192
0.9872724502
0.9806186227
0.9845360276
0.9827501519
0.9841327654
0.9688952125
0.9813963428
0.9810794939
0.9942431266
0.9869556013
0.9837583076
0.9905849617
0.9811371028
0.9935806243
0.9892887615
0.9859186411
0.9944735622
0.9937534510
0.9948768244
0.9832110230
0.9923708375
0.9777093735
0.9887414770
0.9902393083
0.9824044985
0.9907001795
0.9831246097
0.9850545077
0.9877045169
0.9845936365
0.9742528398
0.9825485207
0.9948768244
0.9926300775
0.9974404203
0.9917659441
0.9842767876
0.9966915046
0.9873588635
0.9922556197
0.9807050361
0.9819724318
0.9854865744
0.9948480200
0.9833838497
0.9919963796
0.9999176028
0.9815403651
0.9910746373
0.9981029226
0.9950784556
0.9899224594
0.9906137661
0.9925148597
0.9895480016
0.9874740813
0.9911322462
0.9875892991
0.9874164724
0.9813387339
0.9861778812
0.9915643129
0.9931197531
0.9902681128
0.9897784372
0.9926012730
0.9902393083
0.9814827562
0.9874740813
0.9912474640
0.9847664632
0.9999464072
0.9971523758
0.9880213658
0.9910458329
0.9885686503
0.9807050361
0.9822028674
0.9987366204
0.9945311711
0.9869844057
0.9777669824
0.9912474640
0.9867827746
0.9825197163
0.9807914494
0.9879061480
0.9802441649
0.9866963612
0.9915067040
0.9907865928
0.9803593827
0.9896632194
0.9910746373
0.9945887799
0.9983909671
0.9943583444
0.9898936549
0.9875028858
0.9926588819
0.9885110414
0.9890007171
0.9938110599
0.9879637569
0.9964898735
0.9875604947
0.9960866112
0.9856594011
0.9891735438
0.9819148229
0.9967491135
0.9796680760
0.9791784003
0.9861778812
0.9867827746
0.9926876864
0.9931485576
0.9922268152
0.9817996051
0.9849680944
0.9887126726
0.9970947669
0.9941855177
0.9881365836
0.9942431266
0.9831822186
0.9885110414
0.9940126910
0.9921692063
0.9842767876
0.9924284464
0.9770180668
0.9929469264
0.9836430898
0.9880501703
0.9843632010
0.9865523390
0.9896920238
0.9846512454
0.9914202907
1.0007241273
0.9820012362
0.9920827930
0.9879061480
0.9905849617
0.9945599755
0.9876757125
0.9953376956
0.9803593827
0.9864083168
0.9909594195
0.9860050545
0.9941279088
0.9874164724
0.9850257033
0.9929469264
0.9883382148
0.9908442017
0.9919963796
0.9920827930
0.9902105039
0.9969219402
0.9866963612
0.9866387523
0.9922268152
0.9903545261
0.9804169916
0.9919387707
0.9829229786
0.9930045353
0.9936670376
0.9813099295
0.9832686319
0.9828653697
0.9866387523
0.9892023482
0.9939838865
0.9865523390
0.9953088911
0.9899800683
0.9915643129
0.9957121534
0.9851121166
0.9831534141
0.9857746189
0.9898648505
0.9995431450
0.9850545077
0.9891159349
0.9864371212
0.9895480016
0.9789191603
0.9964034602
0.9921404019
0.9899224594
0.9979589003
0.9934077976
0.9849392899
0.9931773620
0.9891447393
0.9896920238
0.9769892623
0.9843343965
0.9890583260
0.9863219034
0.9884534326
0.9929469264
0.9841615698
0.9958849801
0.9918235530
0.9902393083
0.9877045169
0.9908153973
0.9847952677
0.9884246281
0.9869267968
0.9873300591
0.9781990491
0.9890583260
0.9863795123
0.9783430714
0.9887990859
0.9905849617
0.9859186411
0.9828653697
0.9866675568
0.9867827746
0.9873876680
0.9879349525
0.9889143037
0.9868691879
0.9898360461
1.0014730430
0.9807338405
0.9866675568
0.9824621074
0.9854577700
0.9829805875
0.9941567132
0.9908442017
0.9924572508
0.9788903559
0.9834126542
0.9924860553
0.9881365836
0.9890295215
0.9874452769
0.9794664448
0.9849104855
0.9973540069
0.9859762500
0.9868115790
0.9864659257
0.9837006987
1.0024523942
0.9858322278
0.9925148597
0.9799561204
0.9925148597
0.9923132286
0.9935518198
0.9805322094
0.9892311526
0.9856594011
0.9903257217
0.9925148597
0.9883382148
0.9806762316
0.9876181036
0.9866387523
0.9937822554
0.9933213842
0.9794952493
0.9869844057
0.9941855177
0.9796968804
0.9945311711
0.9900952861
0.9951648689
0.9898360461
0.9928029042
0.9952512822
0.9897208283
0.9833838497
0.9845360276
0.9913338773
0.9830093919
0.9820012362
0.9882806059
0.9930045353
0.9813387339
0.9891159349
1.0015594563
0.9972387891
0.9820588451
0.9939262776
0.9824044985
0.9898648505
0.9958273712
0.9911322462
0.9940126910
0.9823468896
0.9881365836
0.9822028674
0.9922268152
0.9845360276
0.9948192155
0.9888854993
0.9960866112
0.9848528766
0.9825485207
0.9967203091
0.9825197163
0.9923420330
0.9872724502
0.9954241089
1.0006953229
0.9850833122
0.9796392715
0.9848528766
0.9945023666
0.9852273344
0.9875892991
0.9876469080
0.9814539517
0.9929757309
0.9924572508
0.9913914862
0.9840751565
0.9912762684
0.9850257033
0.9826061296
0.9878773436
0.9935806243
0.9794376404
0.9831246097
0.9909306151
0.9813963428
0.9943007355
0.9941855177
0.9820012362
0.9913050729
0.9919387707
0.9939262776
0.9955969356
0.9791495959
0.9875604947
0.9994567316
0.9963746557
0.9869844057
0.9876757125
0.9951360645
0.9925724686
0.9870420146
0.9838447209
0.9875028858
0.9852561388
0.9854577700
0.9943007355
0.9774501335
0.9897496327
0.9903545261
0.9907865928
0.9923708375
0.9881653881
0.9915355085
0.9920827930
0.9868691879
0.9824333030
0.9959425890
0.9905849617
0.9939550821
0.9840463520
0.9982181404
0.9916795307
0.9939550821
0.9867251657
0.9951360645
0.9913914862
0.9786887247
0.9868115790
0.9906425706
0.9912762684
0.9931485576
0.9888566948
0.9883958237
0.9854865744
0.9886838681
0.9851121166
0.9855441833
0.9917947485
0.9918523574
0.9803881872
0.9930333398
0.9799849249
0.9896920238
0.9967779180
0.9890583260
0.9910458329
0.9955681312
0.9998599939
0.9913626818
0.9812235161
0.9920539885
0.9904985484
0.9919387707
0.9864947301
0.9908153973
0.9882806059
0.9905561572
0.9857458145
0.9775941557
0.9972963980
0.9862066856
0.9926876864
0.9989670560
0.9983909671
0.9947328022
0.9867539701
0.9917659441
0.9909306151
0.9976132470
0.9906137661
0.9885398459
0.9932637753
0.9980453137
0.9906137661
0.9907001795
0.9858898367
0.9882229970
0.9897208283
0.9894615882
0.9947616066
0.9993703183
0.9878485391
0.9919099663
0.9887126726
1.0010121718
0.9793800315
1.0003208651
0.9939550821
0.9856882056
0.9893751749
0.9875892991
0.9921692063
0.9888854993
0.9864083168
0.9897208283
0.9868691879
0.9890871304
0.9834990675
0.9917371396
0.9868979924
0.9916219218
0.9904985484
0.9858034234
0.9879349525
0.9920827930
0.9965474824
0.9811947117
0.9892023482
0.9950208467
0.9919387707
0.9902105039
0.9939838865
0.9888566948
0.9868691879
0.9818860184
0.9814251473
0.9862354901
0.9888566948
0.9950208467
0.9818860184
0.9904409395
0.9907289839
0.9953953045
0.9908730062
0.9939550821
0.9824909118
1.0006377140
0.9987654249
1.0002632562
0.9913338773
0.9846800499
0.9944159533
0.9913338773
0.9990822738
0.9874452769
0.9904985484
0.9855153789
0.9866963612
0.9914490951
0.9892887615
0.9854865744
0.9902681128
0.9972963980
0.9936094287
0.9856305967
0.9905849617
0.9945023666
0.9931485576
0.9929181220
0.9971811803
1.0000328206
0.9874740813
0.9916219218
0.9909594195
0.9883670192
0.9889719126
0.9906137661
0.9954817178
0.9768452401
0.9977284648
0.9922268152
0.9878773436
0.9917083352
0.9904121350
1.0009833674
0.9952512822
0.9824333030
0.9842767876
0.9875028858
0.9862354901
0.9898936549
0.9956545445
0.9879637569
0.9920251841
0.9931197531
0.9828941741
0.9806186227
0.9885110414
0.9988806427
0.9920539885
0.9900088727
0.9981317270
0.9912474640
0.9939838865
1.0007529318
0.9809642761
0.9923420330
0.9878773436
0.9903257217
0.9890007171
0.9987942293
0.9917371396
0.9838159164
0.9934654065
0.9994279272
0.9955393267
0.9929757309
0.9910746373
0.9959713934
0.9964610691
0.9907577884
0.9860338589
0.9876757125
0.9922556197
0.9933213842
0.9954241089
0.9918811618
1.0002632562
0.9867251657
0.9877621258
0.9853425522
0.9864659257
0.9921404019
0.9957121534
0.9896920238
0.9887990859
0.9889431082
0.9845936365
0.9898072416
0.9996583628
0.9884534326
0.9953953045
1.0003784740
0.9868691879
0.9899512638
0.9903833306
0.9969219402
0.9947616066
0.9967779180
0.9946175844
0.9840463520
0.9868691879
0.9960866112
0.9875892991
0.9952224778
0.9922844241
0.9926300775
0.9944159533
0.9901528950
0.9894039793
0.9856017922
0.9939262776
0.9887702815
0.9894327838
0.9950784556
0.9940126910
0.9930909487
0.9964610691
0.9977572692
0.9949632378
1.0019915230
0.9957121534
0.9863507079
0.9820876496
0.9928605131
0.9848240721
0.9915355085
0.9867827746
0.9895480016
0.9870132102
0.9920539885
0.9945599755
0.9830093919
0.9964610691
0.9928605131
0.9949344333
0.9868115790
0.9924284464
0.9989382516
0.9850833122
0.9971811803
0.9969795491
0.9915643129
0.9877909303
0.9931485576
0.9869844057
0.9907289839
0.9834990675
0.9984773804
0.9844496143
0.9915067040
0.9941567132
0.9905561572
0.9968355269
0.9866099479
0.9936382332
0.9906137661
0.9972675936
1.0013866296
0.9839887431
0.9942431266
0.9921980108
0.9981317270
0.9896344149
0.9835278720
0.9918235530
0.9892887615
0.9967203091
0.9849680944
0.9925436641
0.9940126910
0.9854577700
0.9957697623
0.9886550637
0.9953088911
0.9932925798
0.9929757309
0.9901240905
0.9875892991
0.9981893359
0.9811371028
0.9921404019
0.9914202907
0.9874452769
0.9892311526
0.9916219218
0.9862066856
0.9935230154
0.9784294847
0.9876469080
0.9860050545
0.9977572692
0.9841903743
0.9996583628
0.9946463888
0.9904697439
0.9859762500
0.9818860184
0.9893175660
0.9911610507
0.9914490951
0.9840175476
0.9968355269
0.9831246097
1.0026828298
1.0011561941
0.9798697071
0.9896632194
0.9932349709
0.9968931358
0.9874452769
0.9837583076
0.9837583076
0.9957985668
0.9921404019
0.9841903743
0.9847376588
0.9872724502
0.9991686872
0.9878197347
0.9913338773
1.0006953229
0.9908730062
0.9943295399
0.9910746373
0.9951648689
0.9913626818
1.0054192523
0.9901816994
0.9993703183
0.9901528950
1.0058801235
0.9891735438
0.9906425706
0.9949344333
0.9905849617
0.9775941557
0.9933789931
0.9925724686
0.9928317086
0.9885110414
0.9955681312
0.9923996419
0.9904985484
0.9941855177
1.0012426074
0.9917659441
0.9904409395
0.9882229970
0.9926012730
0.9916219218
0.9997735806
0.9917659441
0.9890007171
0.9931773620
0.9941567132
0.9929757309
0.9945023666
0.9968067224
0.9889431082
1.0004360829
0.9888566948
0.9903545261
0.9910458329
0.9977284648
0.9938686688
0.9864947301
0.9947328022
0.9892311526
0.9894039793
0.9951648689
0.9915067040
0.9910746373
0.9881365836
1.0035469632
0.9889431082
0.9893463704
0.9885110414
0.9931197531
0.9872436457
0.9949632378
0.9898936549
0.9940991043
0.9906713750
0.9954241089
0.9971523758
0.9920251841
1.0027692431
1.0015306519
0.9904697439
0.9868979924
0.9865811434
0.9973828114
0.9997159717
0.9968931358
0.9870132102
0.9909018106
1.0011561941
0.9811082984
0.9873300591
0.9951360645
0.9882806059
0.9988518382
0.9942143221
0.9952512822
0.9805610138
0.9879061480
0.9893463704
0.9915067040
0.9745408842
0.9875028858
0.9840175476
1.0056784924
0.9979012914
1.0012714118
0.9941567132
0.9989382516
1.0017322830
0.9917083352
1.0006377140
0.9926588819
0.9873876680
0.9972675936
0.9876757125
0.9945311711
0.9889719126
0.9955105223
0.9883958237
0.9961442201
1.0011561941
0.9947616066
0.9926012730
0.9966627002
0.9910458329
0.9833838497
0.9880501703
0.9914778996
0.9964898735
0.9898648505
0.9976708559
0.9810794939
0.9898360461
0.9983045537
0.9894903927
0.9858034234
0.9917083352
0.9845072232
0.9957985668
0.9845360276
0.9967203091
0.9940126910
0.9903833306
0.9935518198
0.9902105039
0.9822604763
0.9921980108
0.9881077792
0.9908730062
0.9943583444
0.9993127094
0.9936382332
0.9860626634
0.9944159533
1.0003496695
0.9912474640
0.9894615882
0.9901816994
0.9906713750
0.9957697623
0.9914778996
0.9843632010
0.9936958421
0.9869844057
0.9849104855
0.9896632194
0.9955105223
0.9896920238
0.9958849801
0.9919675752
0.9919387707
0.9953953045
0.9896920238
0.9908442017
0.9969507447
0.9907001795
1.0000616250
0.9975556381
1.0014154341
0.9828365652
0.9895480016
0.9966915046
0.9977572692
0.9881365836
0.9932061664
0.9931485576
0.9849104855
0.9937822554
0.9830093919
0.9866675568
0.9839311342
1.0013002163
0.9924860553
0.9795528582
0.9889143037
0.9985061849
0.9964034602
0.9899800683
0.9969507447
0.9878197347
0.9972099847
0.9884246281
0.9904121350
0.9914778996
0.9992262961
0.9915067040
0.9875316902
0.9987654249
0.9963170468
0.9990822738
0.9987654249
0.9995143405
0.9897784372
0.9921115974
1.0000040161
0.9896056105
0.9914778996
0.9969795491
0.9970947669
0.9928893175
0.9873876680
1.0022795675
0.9936958421
0.9976132470
0.9860050545
0.9772196979
0.9883670192
0.9969219402
0.9938686688
0.9927452953
0.9996007539
0.9905561572
1.0039790299
0.9989958605
0.9920251841
0.9839887431
0.9909594195
0.9913626818
0.9929469264
0.9932637753
0.9941855177
0.9916219218
0.9790919870
0.9919675752
0.9904697439
0.9877909303
0.9822316718
0.9929181220
0.9973540069
0.9925436641
0.9988806427
0.9938974732
0.9960001979
0.9888854993
1.0000616250
0.9845936365
0.9909306151
0.9897208283
0.9859762500
0.9927740997
0.9978436826
0.9880789747
0.9939262776
0.9957409579
0.9915067040
0.9975844425
0.9956833490
0.9933789931
0.9987942293
0.9983909671
0.9932925798
0.9987366204
0.9894903927
0.9920251841
0.9871284280
0.9841903743
0.9922268152
0.9955681312
0.9886838681
0.9944447577
0.9904409395
0.9976996603
0.9892311526
0.9820012362
0.9890295215
0.9868403835
0.9860338589
1.0036045721
0.9890295215
0.9934366020
0.9942431266
0.9832398275
0.9903833306
0.9890583260
0.9991110783
0.9932349709
1.0038926166
0.9947616066
1.0000040161
0.9929757309
0.9879925614
0.9993415138
0.9945023666
0.9953376956
0.9936958421
0.9863795123
1.0012138030
0.9925724686
1.0020491319
0.9845648321
0.9854289655
0.9910746373
0.9977572692
0.9851409211
0.9941855177
1.0029996787
0.9980453137
0.9941855177
0.9907865928
0.9880501703
0.9887126726
0.9977860737
0.9930909487
0.9971523758
1.0005513007
0.9904121350
0.9887414770
0.9994855361
0.9955393267
0.9889719126
0.9877909303
0.9925724686
0.9887126726
1.0025388076
0.9995143405
0.9948192155
0.9870132102
0.9945311711
0.9910458329
0.9998887984
0.9908153973
0.9996871672
0.9897496327
0.9906713750
0.9893751749
1.0040366388
0.9939262776
0.9929181220
0.9878485391
0.9878197347
0.9925724686
0.9967203091
0.9996871672
0.9985061849
0.9947616066
0.9901240905
0.9898936549
0.9992551005
0.9863795123
1.0000904295
0.9909594195
0.9916507263
0.9921980108
0.9875316902
0.9863507079
0.9831822186
0.9895768060
0.9889143037
0.9926876864
0.9900088727
0.9910170284
0.9916795307
0.9897496327
0.9914202907
0.9862642945
0.9977284648
0.9895191971
0.9884534326
1.0045551189
0.9797832937
0.9930045353
0.9881941925
1.0020491319
0.9869556013
0.9943295399
0.9878773436
0.9896344149
0.9931773620
0.9915931174
0.9905561572
0.9928893175
0.9964034602
0.9962018290
0.9912474640
0.9947039977
0.9949344333
0.9979877048
0.9894327838
0.9952512822
0.9971523758
0.9979877048
0.9885398459
0.9903833306
0.9961154157
0.9896920238
0.9988230338
0.9864659257
0.9885974548
0.9859186411
0.9965474824
0.9977284648
0.9873300591
0.9859762500
0.9911322462
1.0015882608
0.9972387891
0.9921980108
0.9942143221
1.0046703367
0.9900376772
0.9911898551
0.9919963796
0.9964034602
0.9894039793
0.9954241089
0.9988518382
0.9891735438
1.0046703367
0.9832686319
0.9986502071
0.9895480016
0.9914490951
0.9967203091
0.9967779180
0.9900952861
0.9936382332
0.9843920054
1.0016458697
0.9967779180
0.9845072232
0.9897208283
0.9971523758
0.9985925982
0.9836430898
0.9898936549
0.9946751933
0.9879637569
0.9901528950
0.9883958237
0.9822316718
0.9980453137
0.9910458329
0.9898072416
0.9946463888
0.9951072600
0.9943007355
1.0033741365
0.9790055737
0.9911610507
0.9895768060
1.0029420698
0.9927452953
0.9811947117
0.9892599571
0.9865523390
0.9899512638
0.9935806243
0.9955969356
0.9867251657
0.9887990859
0.9955105223
0.9985349893
0.9920827930
0.9976420514
0.9976132470
0.9956833490
0.9897496327
0.9961154157
0.9957985668
0.9989094471
0.9908442017
0.9859474456
0.9872148413
0.9951072600
0.9847952677
0.9895191971
0.9873300591
0.9942431266
0.9951072600
1.0010409763
0.9856305967
1.0002920606
0.9849392899
0.9798697071
0.9933501887
0.9955681312
0.9805610138
0.9959137845
1.0028268520
0.9872148413
0.9970659625
0.9906425706
0.9911610507
1.0021355453
0.9868979924
0.9901528950
0.9838447209
0.9921404019
0.9817996051
0.9921115974
0.9934077976
0.9907289839
0.9947328022
0.9907577884
0.9907865928
0.9919099663
0.9943583444
0.9858322278
1.0000904295
0.9971811803
0.9875028858
0.9927164908
0.9847376588
0.9922844241
0.9930909487
0.9944159533
0.9913338773
1.0023659809
1.0003784740
0.9836430898
0.9949920422
0.9990246649
0.9960578068
0.9909882240
0.9933213842
0.9954241089
0.9931197531
0.9988230338
0.9958561757
0.9947039977
0.9913050729
0.9946463888
0.9871572324
0.9881941925
0.9892599571
0.9898360461
0.9906425706
0.9879925614
0.9873876680
1.0058801235
0.9888278904
0.9943871488
0.9875316902
0.9871572324
0.9965186780
0.9972963980
0.9982469448
0.9940126910
0.9953665000
0.9944159533
0.9936670376
0.9992839049
0.9913338773
0.9935518198
0.9926012730
0.9901528950
0.9944735622
0.9836430898
0.9893175660
0.9993415138
0.9937822554
