1.0084440108
1.0045671604
0.9951643516
1.0016739885
0.9980285918
1.0010085589
0.9985204311
0.9943542635
1.0016161250
0.9931101995
0.9929655409
0.9914032281
0.9995909047
1.0067081076
0.9983179090
0.9912007061
1.0015003982
1.0038438674
0.9907377985
1.0000827439
0.9960033715
0.9959744398
0.9952800785
0.9938045608
0.9990990654
1.0144328767
0.9944699903
1.0044225018
1.0041042529
0.9955115322
0.9958297812
0.9999670170
1.0128127004
0.9938045608
0.9988965434
0.9939202877
1.0090515769
0.9994462461
1.0014425347
1.0013846713
0.9987229531
0.9987229531
0.9944121269
0.9941806732
1.0004877880
1.0037281405
0.9960901666
1.0024551449
1.0002274025
0.9918950673
0.9958297812
1.0137674472
1.0090226452
1.0023394180
1.0069106297
0.9999670170
1.0054351120
0.9978260698
1.0098905968
1.0004299245
1.0111346607
1.0007771052
0.9981732504
0.9925315651
1.0091094404
1.0078943081
1.0001984708
0.9948750344
1.0069974248
0.9967845279
0.9991279972
1.0031495062
0.9978839332
1.0058690878
0.9961190984
1.0013846713
1.0009796272
0.9973631623
0.9969002548
1.0056954975
0.9992726558
1.0082993522
0.9939781511
0.9949328979
0.9993015875
1.0004877880
0.9970738451
1.0100931188
1.0023104863
1.0023972815
1.0004299245
1.0087622597
1.0096591430
0.9966109376
0.9991279972
0.9962637569
1.0142882181
1.0085597377
0.9895226663
0.9999670170
0.9965530741
0.9988386800
1.0068527662
0.9904484814
0.9990701337
0.9993883826
0.9995041095
1.0094855527
0.9924447700
1.0017318519
1.0012978761
0.9996198364
0.9996487681
1.0004588563
1.0010664224
1.0113082510
0.9992726558
0.9973920940
1.0102088457
1.0046539556
0.9981153870
1.0009796272
0.9950775565
0.9949618296
0.9987808165
0.9995041095
1.0052615217
1.0054929754
0.9996487681
0.9953668736
1.0020501008
1.0017607836
0.9872081288
1.0025998035
1.0002852659
1.0041621163
0.9972185037
1.0024840766
0.9993594509
0.9902170276
0.9984047042
1.0063609270
0.9939492194
1.0001984708
1.0080389667
1.0059848147
1.0095434161
0.9997355633
1.0006613783
1.0036124137
1.0015871933
1.0044514335
0.9955983274
1.0029180524
0.9989544069
0.9968423913
1.0017897154
1.0034677551
0.9951932833
0.9972474354
0.9986072262
1.0077207178
0.9986072262
1.0017318519
0.9981732504
0.9994173144
1.0015293299
1.0072288786
0.9975078209
1.0014425347
0.9972474354
1.0081836253
0.9970738451
1.0055219072
0.9985204311
1.0000827439
0.9996776998
0.9967266645
0.9945567855
0.9962058935
0.9938045608
0.9989254751
1.0015582616
1.0030337793
0.9942674683
1.0071710152
1.0072867420
0.9936599022
1.0036992088
0.9925604969
0.9997355633
0.9933416533
1.0017897154
0.9950486247
0.9982889773
0.9979128650
0.9980575236
0.9993594509
1.0071999469
0.9995041095
0.9994751778
0.9945278538
1.0015871933
0.9992726558
0.9997934267
1.0043646384
0.9972474354
1.0035545502
0.9977392746
0.9950775565
1.0003720611
1.0037860040
0.9933705850
0.9962926887
0.9946146489
1.0009796272
0.9977103429
1.0029759158
1.0010664224
0.9979128650
0.9972185037
0.9916636136
0.9960901666
1.0025708718
1.0038727991
0.9877867632
1.0027733938
0.9910560475
0.9999959487
1.0039885260
0.9930523361
1.0020790325
1.0023972815
1.0022815546
1.0006903100
1.0063030636
1.0010085589
0.9950196930
1.0017607836
0.9948461027
0.9998512902
1.0009506955
1.0111635924
1.0069974248
0.9960033715
0.9972763671
1.0023683497
0.9999091536
1.0020501008
0.9943831952
1.0005745831
1.0090226452
1.0035545502
1.0158505310
0.9968134596
0.9968134596
1.0066791759
0.9979707284
0.9971317085
1.0029180524
1.0007192417
0.9982021821
0.9944121269
1.0069974248
0.9990990654
1.0034966868
1.0010085589
1.0011821492
0.9966688010
0.9976524795
0.9929944727
1.0051457948
0.9944989221
0.9999091536
1.0105560263
1.0094276893
0.9954826005
1.0010953541
0.9969002548
1.0076917861
0.9953958054
0.9875263777
0.9997066316
0.9982311139
1.0087333280
0.9970738451
0.9975367526
0.9990412020
1.0087043963
0.9962637569
0.9954536688
0.9958297812
0.9982889773
1.0038438674
1.0054929754
0.9936888339
1.0031205744
1.0067659711
1.0096302113
1.0019922374
1.0014425347
0.9919818625
1.0016450568
1.0040753212
0.9948750344
1.0057822926
1.0080389667
0.9945567855
0.9969002548
0.9914900233
1.0090226452
0.9995619730
1.0012400127
0.9976814112
1.0002563342
0.9928787458
0.9978550015
1.0028312572
0.9964952107
1.0016450568
1.0047407507
1.0015293299
1.0049722045
1.0046828873
1.0003431294
0.9944989221
1.0033230965
1.0032363013
1.0077496495
0.9913453647
0.9942096049
0.9979707284
0.9972474354
0.9943253317
0.9942385366
1.0071131517
1.0001116756
1.0100352554
0.9938045608
1.0082704205
0.9941806732
1.0053193851
1.0159662578
1.0023104863
1.0041910481
1.0054351120
1.0036702771
1.0040174577
1.0113950462
0.9908824571
0.9988965434
1.0001406073
0.9960323032
1.0048854093
1.0024551449
0.9967555962
1.0014136030
1.0030916427
0.9998802219
0.9941806732
1.0067370394
1.0018765105
0.9881339438
0.9894937346
0.9937177656
0.9965241424
0.9974210257
0.9982021821
1.0018186471
0.9948461027
0.9975078209
0.9974788892
1.0028312572
1.0024840766
1.0000248805
0.9940360146
0.9987229531
1.0055508389
1.0018186471
1.0062452001
1.0018186471
0.9974788892
0.9832155515
0.9869477433
0.9937756291
0.9964952107
0.9959744398
1.0039885260
0.9975656843
1.0004299245
0.9935441753
0.9926183603
1.0030916427
1.0060426781
1.0006035149
1.0064477222
0.9962926887
0.9884521927
0.9902170276
1.0046250239
1.0031495062
1.0130152225
1.0092830307
1.0000538122
0.9987518848
1.0042489115
1.0070842200
1.0166027557
1.0067659711
1.0076339227
1.0031784379
0.9955983274
1.0047696824
1.0005745831
0.9952511468
1.0043357067
0.9978550015
1.0044225018
1.0019633057
0.9946146489
1.0003431294
1.0088201232
1.0080678985
1.0049143410
0.9940070828
1.0013846713
0.9962348252
0.9989544069
1.0115107731
0.9942385366
1.0025130083
1.0013557396
1.0043935701
1.0108453435
0.9961769618
1.0047118190
0.9989833386
1.0066213125
1.0070552883
1.0071131517
1.0129573590
0.9917793404
0.9999670170
1.0019633057
0.9998512902
1.0139121058
0.9973342306
0.9997355633
0.9862823138
0.9983468407
1.0031205744
1.0052904534
1.0073156738
0.9958587129
0.9898698470
1.0046539556
0.9950775565
1.0019922374
0.9974788892
0.9979707284
0.9897251884
1.0029180524
0.9995041095
0.9957429860
1.0004588563
0.9999091536
0.9967845279
0.9962637569
1.0059269512
1.0004877880
0.9981443187
0.9988965434
0.9936309705
0.9997934267
0.9983468407
1.0101220505
0.9944989221
0.9993015875
1.0043357067
1.0033230965
1.0087622597
1.0079521716
1.0026287352
0.9910271157
1.0042199798
1.0046539556
0.9926472920
1.0047118190
1.0007771052
0.9943542635
0.9988965434
1.0018765105
0.9975367526
0.9883653976
1.0031784379
1.0046539556
0.9980864553
0.9997934267
1.0009506955
1.0053193851
1.0031495062
1.0032941648
0.9935152436
1.0008928320
1.0024840766
0.9989254751
0.9965530741
1.0005167197
0.9996198364
0.9974499574
0.9931101995
0.9961190984
1.0050300679
0.9983468407
1.0069395614
1.0034098916
1.0076917861
0.9930812678
0.9897541201
0.9973920940
1.0002563342
1.0014425347
0.9999959487
1.0010374906
0.9942096049
1.0007481735
1.0019633057
0.9970159817
0.9999380853
0.9950775565
0.9994173144
0.9935152436
1.0024551449
0.9931101995
1.0004588563
0.9883943293
1.0028312572
1.0024262132
0.9995619730
0.9989544069
1.0043646384
0.9981153870
0.9961769618
1.0029759158
1.0001116756
1.0006903100
0.9966398693
0.9964084155
0.9955115322
0.9944699903
1.0000827439
1.0121472709
1.0058401561
0.9918661356
1.0071710152
0.9941517414
0.9951932833
1.0028601890
1.0017607836
0.9998223584
1.0080389667
0.9998223584
1.0009506955
1.0037281405
1.0038727991
1.0098038016
1.0065634490
1.0021079643
0.9940649463
1.0005167197
0.9942674683
1.0063609270
1.0062162684
0.9943542635
0.9969870499
0.9969581182
1.0027155304
0.9931680630
1.0014714664
0.9964373473
1.0007771052
1.0027733938
1.0086465328
1.0022526229
0.9960612349
1.0070263566
1.0039017309
1.0067949028
1.0015003982
0.9898698470
0.9993594509
0.9966109376
0.9972185037
1.0035256185
0.9936599022
1.0017897154
1.0047407507
1.0087043963
1.0007481735
0.9983179090
0.9990701337
0.9953668736
0.9948171710
1.0036702771
1.0059848147
0.9949328979
0.9889729637
0.9912585695
1.0000248805
0.9957429860
0.9940649463
0.9950486247
0.9968423913
1.0017607836
1.0078943081
1.0061584050
0.9927919506
0.9977103429
1.0029759158
1.0052904534
1.0034098916
0.9946725124
0.9973052988
1.0095723479
0.9894937346
1.0024551449
0.9937466974
1.0047407507
0.9960033715
1.0022815546
0.9916346818
1.0023104863
0.9934284484
0.9977103429
1.0006035149
1.0032363013
1.0012110810
0.9960612349
1.0056954975
1.0036702771
1.0041042529
1.0054351120
0.9962926887
0.9991279972
1.0012110810
1.0019922374
0.9997066316
1.0020501008
1.0012689444
0.9921554528
1.0054640437
0.9991279972
1.0120315440
0.9986940214
1.0063030636
0.9940938780
0.9993015875
1.0075471275
0.9989254751
0.9911717743
1.0050011362
1.0075181958
0.9971317085
0.9958876446
1.0016161250
1.0063319953
1.0011242858
1.0021658277
1.0002563342
0.9986650897
1.0107006849
0.9925315651
1.0024551449
1.0047118190
1.0019054422
1.0012978761
0.9967555962
0.9953958054
1.0025419401
0.9975946160
1.0026865987
1.0075471275
0.9988676117
0.9925026334
1.0033809599
1.0041331846
1.0019922374
0.9999670170
1.0021368960
1.0110189338
0.9978260698
1.0005456514
0.9925026334
1.0053772486
1.0083572157
0.9985782945
0.9977103429
1.0025130083
1.0004588563
0.9974788892
1.0083572157
0.9984047042
0.9935441753
1.0013268078
1.0013268078
0.9984914993
0.9942964000
1.0000538122
1.0006035149
0.9997934267
1.0040753212
1.0062452001
0.9950486247
1.0073446055
1.0216947383
0.9988965434
1.0016450568
1.0027155304
0.9995041095
1.0045092970
0.9909981840
1.0084729425
0.9906799351
0.9914032281
1.0040753212
0.9973920940
0.9951064882
1.0045960921
1.0034388234
0.9985204311
1.0058112243
1.0119158171
0.9902459593
0.9993305192
1.0005167197
0.9938334925
0.9828394392
1.0015003982
0.9991569289
0.9975078209
0.9930812678
1.0011532175
1.0027444621
0.9938913560
1.0028312572
1.0075181958
0.9986361579
1.0036124137
0.9933705850
0.9987229531
0.9992437240
0.9954247371
1.0106138898
0.9987229531
0.9946725124
0.9928787458
1.0066791759
0.9993305192
0.9984047042
1.0023683497
1.0001116756
1.0004009928
1.0056665657
0.9980864553
1.0008349686
1.0061584050
0.9986072262
0.9977103429
1.0012400127
1.0015293299
0.9909113889
0.9863401772
0.9995041095
1.0051747265
1.0018475788
1.0085308060
1.0019633057
1.0039595943
1.0071420834
0.9986361579
1.0066213125
1.0032652330
1.0051747265
0.9923579748
0.9937756291
1.0040174577
0.9933995167
0.9962926887
1.0039306626
0.9980864553
1.0021947594
1.0118290220
1.0027444621
0.9967845279
1.0058401561
0.9971317085
1.0016739885
0.9955693957
1.0008639003
0.9975367526
0.9955404640
1.0092830307
1.0010085589
1.0059848147
0.9922711797
0.9949618296
1.0074603323
1.0017897154
0.9912296378
1.0014714664
0.9891754857
1.0001116756
1.0020211691
0.9966977327
1.0070263566
0.9995330412
0.9965241424
1.0025130083
1.0047118190
0.9943542635
1.0023104863
0.9911717743
0.9865716310
0.9949907613
0.9957140543
1.0059558829
0.9970449134
1.0023683497
0.9997934267
1.0024840766
0.9942385366
1.0068527662
0.9942096049
0.9984336359
1.0007192417
0.9955693957
0.9989544069
1.0057822926
1.0026287352
1.0061873367
1.0089937135
0.9977103429
0.9902459593
0.9955693957
1.0048275459
1.0031784379
0.9925894286
0.9983179090
1.0048564776
0.9923579748
1.0020211691
1.0020211691
0.9955983274
0.9882786024
1.0044514335
1.0042778432
1.0000827439
1.0045382287
0.9975078209
1.0000827439
0.9940938780
0.9904484814
1.0027733938
0.9892333491
1.0085597377
1.0037860040
0.9904484814
1.0068527662
1.0067081076
0.9962058935
0.9954826005
0.9988676117
0.9978839332
0.9991569289
1.0044225018
1.0013557396
1.0017897154
0.9965241424
0.9957140543
0.9962637569
0.9990122703
0.9828973026
1.0017607836
0.9934573802
1.0053193851
0.9973631623
0.9988097483
0.9913164329
0.9926472920
0.9992726558
1.0040174577
1.0018475788
0.9955404640
0.9898119835
1.0053772486
0.9973631623
0.9967555962
0.9997644950
1.0049143410
0.9979417967
0.9982889773
0.9923579748
1.0023972815
1.0007192417
0.9989254751
0.9982889773
0.9958008494
0.9947593075
0.9953958054
0.9976524795
1.0136227886
1.0057533609
1.0008060369
1.0009796272
0.9967845279
0.9929655409
1.0008349686
1.0087043963
1.0061584050
1.0046250239
0.9951932833
0.9980864553
1.0033520282
0.9963505521
0.9960033715
0.9960033715
1.0056954975
0.9906510034
1.0017029202
1.0063030636
1.0033230965
1.0024262132
0.9958297812
0.9885968513
0.9962926887
0.9971317085
1.0030916427
0.9993305192
1.0005167197
1.0004588563
0.9945278538
1.0047118190
1.0014136030
0.9977103429
0.9991279972
1.0054351120
0.9910271157
0.9990990654
1.0089647818
0.9977103429
1.0107296166
1.0040753212
1.0044225018
0.9979128650
0.9998512902
1.0023683497
1.0091094404
1.0010953541
0.9943831952
1.0014714664
0.9967845279
0.9963505521
1.0064187905
0.9883364658
0.9939492194
0.9925315651
0.9955404640
0.9986940214
0.9969002548
0.9989254751
1.0075181958
1.0006324466
0.9973631623
0.9988965434
1.0058980195
1.0021079643
0.9881918072
0.9897830518
1.0023683497
0.9977682064
0.9960033715
0.9993015875
1.0063030636
0.9995330412
0.9987518848
0.9960901666
0.9994751778
0.9897251884
0.9969870499
0.9986072262
0.9967845279
0.9928787458
1.0064187905
0.9965530741
0.9945567855
0.9923869066
1.0029469841
0.9970738451
1.0040463895
0.9960033715
0.9899566421
1.0041331846
1.0002563342
1.0031784379
1.0072288786
0.9975078209
0.9932548581
1.0092540990
0.9870345385
0.9964373473
1.0143171498
1.0076339227
1.0012978761
0.9994751778
0.9959455080
0.9885100562
0.9979707284
1.0043935701
1.0007771052
0.9941806732
0.9960901666
1.0019922374
0.9932259264
1.0055219072
1.0058401561
0.9963794838
1.0029759158
1.0036702771
1.0008349686
0.9965820059
0.9981732504
1.0005745831
1.0029469841
0.9986072262
1.0026865987
1.0015293299
1.0043067749
1.0003431294
0.9989833386
0.9994462461
1.0065055856
1.0001406073
1.0038727991
1.0049143410
1.0016739885
1.0013846713
0.9865137675
1.0058401561
1.0006035149
1.0062452001
0.9906510034
1.0011532175
0.9975078209
0.9992726558
1.0014136030
1.0051168631
0.9962637569
1.0029180524
1.0039306626
1.0035256185
0.9957429860
1.0126969736
0.9977971381
0.9933127216
0.9965820059
1.0078653764
1.0034098916
1.0058980195
0.9956851226
1.0006035149
0.9961769618
0.9905063448
0.9980285918
1.0081257619
1.0013846713
1.0013846713
0.9973920940
1.0038149357
0.9993305192
0.9901880959
0.9955115322
0.9918661356
0.9939492194
1.0033230965
1.0030048476
0.9950775565
1.0070842200
0.9978550015
1.0028601890
1.0048854093
1.0086176011
1.0016161250
0.9985782945
1.0002274025
1.0056087023
0.9976524795
1.0088201232
1.0086754646
1.0071710152
0.9990412020
0.9929366092
0.9976814112
0.9981153870
0.9939781511
1.0032941648
1.0004009928
0.9969581182
0.9970738451
1.0016450568
1.0016739885
1.0047986142
1.0094276893
1.0003720611
0.9985782945
0.9969002548
1.0014425347
1.0041042529
0.9975367526
1.0021368960
0.9966688010
1.0019633057
1.0025419401
1.0048854093
1.0034388234
0.9977682064
0.9979707284
0.9949907613
1.0016161250
0.9950775565
0.9954826005
1.0023683497
0.9999959487
0.9947014441
1.0018186471
0.9962058935
1.0017607836
1.0036124137
0.9931680630
1.0024551449
1.0036124137
0.9945278538
0.9964662790
0.9931391313
1.0002274025
1.0045382287
1.0110767973
1.0002563342
0.9972474354
1.0042778432
1.0030048476
0.9990122703
0.9985204311
1.0023972815
0.9973920940
1.0031784379
1.0162555750
1.0039306626
1.0016450568
1.0013268078
1.0112503876
0.9984914993
0.9959455080
1.0068816980
1.0059269512
1.0124655198
0.9913742964
0.9919529308
0.9966398693
1.0160530530
0.9972474354
1.0004877880
0.9988097483
1.0011821492
1.0001116756
1.0082414888
1.0001406073
0.9985493628
1.0060137464
1.0054061803
1.0026287352
1.0050879314
0.9976524795
1.0012978761
0.9969581182
0.9964662790
1.0012689444
1.0052615217
1.0100352554
0.9963794838
1.0087622597
0.9999380853
1.0068238345
1.0001406073
1.0000248805
1.0016450568
0.9910849792
0.9949328979
1.0014714664
0.9875842411
0.9969002548
0.9966977327
1.0031205744
1.0019633057
1.0094276893
0.9929366092
0.9991858606
1.0017607836
0.9962637569
1.0063898587
1.0009796272
1.0030337793
0.9971027768
0.9943542635
0.9988965434
1.0058980195
1.0068527662
1.0077207178
1.0093987575
1.0001984708
1.0028312572
1.0069684931
0.9990701337
1.0155612138
0.9936020388
0.9964662790
0.9944121269
0.9966688010
0.9962926887
1.0006903100
0.9907088668
0.9999380853
1.0066502442
1.0001116756
1.0029469841
1.0001406073
0.9988097483
0.9913453647
0.9967266645
1.0063609270
1.0011532175
0.9949328979
0.9952222151
1.0049722045
1.0033809599
0.9973052988
1.0033809599
1.0114239779
0.9894648029
0.9918372039
1.0047696824
1.0041042529
0.9949618296
1.0050589996
0.9996776998
1.0025419401
1.0101220505
1.0042778432
0.9983468407
1.0006324466
1.0052904534
0.9984336359
1.0072867420
0.9947593075
0.9980864553
0.9985782945
1.0074314006
0.9947593075
1.0107006849
1.0050589996
0.9925604969
1.0104402994
1.0035834820
1.0005456514
1.0032073696
1.0008639003
1.0045960921
0.9988386800
0.9969870499
1.0005456514
1.0060716098
1.0104402994
1.0067370394
0.9973342306
1.0025708718
1.0064477222
1.0086465328
0.9946725124
1.0051747265
1.0011821492
1.0016739885
1.0055797706
1.0026865987
1.0031495062
1.0089069183
0.9993594509
1.0156190772
0.9932837899
0.9988386800
1.0017897154
0.9876421046
1.0011242858
1.0027155304
1.0028312572
0.9996776998
0.9987808165
0.9990412020
0.9892622809
1.0067949028
0.9903616862
1.0075471275
0.9982021821
0.9942964000
1.0058690878
1.0032652330
1.0025708718
0.9976814112
1.0070842200
0.9990412020
0.9956272591
1.0027733938
0.9894937346
0.9936888339
1.0008639003
0.9996776998
0.9968713231
1.0017029202
0.9967266645
0.9975946160
0.9931680630
0.9923290431
0.9949039661
1.0032073696
1.0002852659
1.0039885260
0.9970449134
0.9965820059
1.0039595943
1.0115397048
0.9920107942
0.9868898799
1.0068816980
1.0087622597
1.0039306626
0.9969870499
0.9979996601
1.0013557396
1.0059558829
0.9978260698
1.0040174577
1.0027444621
0.9909113889
1.0043646384
0.9969002548
0.9925315651
1.0049722045
0.9935152436
0.9945567855
1.0041042529
1.0057822926
1.0085018742
1.0088490549
1.0111057290
1.0046539556
1.0055219072
0.9987229531
0.9982889773
1.0092251672
0.9972763671
1.0031495062
0.9944699903
1.0059848147
1.0044803653
1.0045092970
1.0127548370
1.0056087023
0.9975946160
0.9963794838
1.0017897154
1.0049432728
0.9973052988
1.0106717532
1.0000248805
1.0030048476
0.9990122703
1.0041042529
0.9976524795
0.9942096049
0.9988386800
1.0027444621
1.0002274025
0.9938624242
0.9956272591
1.0025708718
0.9910560475
0.9977392746
1.0020211691
1.0028891207
0.9980285918
0.9975946160
1.0050011362
0.9954247371
0.9937177656
0.9987229531
0.9982311139
0.9953090102
0.9940360146
1.0089358500
0.9951354199
1.0089358500
0.9968134596
0.9957719177
0.9965820059
0.9970159817
0.9971606402
0.9985782945
1.0068816980
1.0076628544
0.9974499574
0.9986650897
0.9997066316
0.9995330412
1.0109900021
1.0087333280
1.0058112243
1.0000538122
1.0006324466
0.9987229531
0.9988965434
0.9949039661
1.0050300679
1.0096880747
1.0036413454
0.9880471486
1.0016161250
0.9971606402
1.0032941648
0.9977103429
1.0024840766
1.0108453435
1.0130730859
0.9996487681
0.9920686576
0.9906220717
0.9999380853
1.0052904534
0.9940360146
1.0042489115
0.9980285918
1.0001695391
1.0007192417
1.0049722045
0.9971027768
0.9913164329
0.9986361579
0.9957429860
0.9923290431
0.9941806732
1.0103245726
1.0078653764
1.0139410375
0.9853275670
1.0026287352
1.0001116756
0.9918661356
0.9990412020
1.0059848147
1.0000248805
1.0006324466
0.9926183603
1.0068816980
1.0044803653
0.9948461027
0.9999959487
1.0027444621
1.0020501008
0.9977971381
1.0050589996
1.0027155304
0.9977682064
1.0075471275
0.9967845279
0.9966977327
0.9942964000
1.0015003982
0.9976814112
0.9978260698
1.0048564776
0.9920686576
0.9938334925
1.0074024689
1.0108164118
0.9944121269
1.0001695391
1.0036992088
0.9973631623
1.0052904534
0.9966398693
0.9950775565
0.9919818625
0.9991569289
0.9996487681
0.9979417967
1.0113371827
1.0004588563
1.0031205744
1.0033809599
1.0070552883
1.0048854093
1.0022815546
1.0129573590
1.0034677551
1.0044225018
1.0046828873
1.0027733938
0.9939202877
1.0100931188
1.0026576669
0.9922422480
0.9961480301
1.0055508389
1.0010374906
1.0051168631
0.9890308271
1.0029759158
0.9972474354
1.0006903100
1.0084729425
1.0064187905
0.9927630189
1.0067370394
0.9990990654
0.9940360146
0.9990990654
0.9995330412
0.9972474354
0.9911717743
1.0076339227
1.0026865987
1.0039885260
1.0013557396
0.9972474354
0.9977392746
0.9968134596
1.0044514335
0.9986361579
1.0012978761
1.0056376340
0.9997644950
0.9983757725
0.9953958054
1.0084729425
1.0110478656
0.9960612349
0.9958876446
1.0089069183
0.9912007061
0.9931680630
0.9975367526
1.0034677551
0.9973342306
0.9971317085
0.9959165763
0.9941806732
0.9989833386
1.0089937135
1.0029180524
1.0021368960
0.9998802219
0.9929944727
1.0033520282
0.9972474354
1.0004588563
1.0008928320
1.0005167197
0.9980575236
1.0028601890
0.9976814112
1.0010953541
1.0013846713
1.0057533609
1.0021368960
1.0019922374
0.9920397259
1.0076628544
0.9990701337
1.0019054422
0.9865426992
1.0051747265
1.0036992088
1.0018475788
1.0024262132
0.9942096049
1.0037281405
1.0009217638
1.0012110810
0.9997934267
1.0066213125
0.9935731070
1.0008928320
1.0045671604
0.9926183603
0.9987808165
0.9945278538
1.0029180524
1.0076049909
1.0059558829
1.0097170065
0.9959165763
0.9959455080
0.9965241424
0.9968134596
1.0024551449
1.0021947594
0.9999091536
0.9952511468
1.0014425347
1.0013268078
0.9967845279
0.9971027768
1.0007192417
1.0022815546
1.0022526229
1.0054929754
0.9958008494
0.9984914993
1.0054351120
1.0028023255
1.0030627110
1.0087622597
1.0020211691
1.0058112243
0.9969291865
0.9988965434
0.9802355844
1.0035545502
0.9926472920
1.0086465328
1.0049432728
0.9999670170
0.9905352765
1.0011242858
0.9937756291
0.9990701337
1.0029469841
1.0082993522
0.9983757725
1.0030048476
1.0022526229
1.0071710152
1.0023972815
0.9963216204
1.0044225018
0.9969002548
1.0038149357
0.9948750344
1.0032652330
0.9923579748
0.9927630189
1.0067949028
0.9988965434
1.0038727991
0.9998223584
0.9984047042
0.9955115322
1.0013846713
0.9978550015
1.0062162684
0.9960033715
0.9959455080
0.9988965434
1.0010085589
0.9932259264
0.9971606402
0.9993883826
0.9903906179
0.9953958054
1.0071131517
1.0049432728
0.9991279972
0.9927919506
0.9959455080
0.9932837899
1.0060137464
0.9994173144
0.9936888339
1.0068527662
1.0079811033
0.9989833386
0.9940938780
0.9936888339
0.9934573802
1.0010664224
0.9967266645
0.9984336359
1.0096880747
0.9998802219
0.9953379419
0.9980864553
0.9970449134
1.0011532175
0.9942964000
1.0046250239
1.0034677551
0.9974499574
1.0000538122
1.0027155304
1.0102377774
1.0055219072
0.9977682064
0.9949328979
0.9993015875
1.0046828873
1.0024262132
1.0073156738
0.9973342306
1.0016739885
1.0030627110
1.0068238345
0.9992726558
0.9955115322
0.9960612349
1.0013268078
0.9992437240
1.0007192417
1.0036413454
1.0032941648
0.9951932833
1.0055508389
1.0066502442
1.0094276893
0.9937177656
1.0002563342
1.0120026123
0.9944699903
0.9947014441
1.0066502442
0.9987808165
1.0025130083
0.9996776998
0.9986072262
0.9954247371
1.0078364447
0.9997644950
0.9993594509
1.0035545502
0.9995330412
0.9971317085
1.0048854093
1.0008928320
1.0027444621
0.9929944727
0.9959165763
0.9951643516
0.9975656843
0.9973052988
1.0059558829
0.9965241424
1.0087911914
1.0007481735
1.0004299245
1.0002274025
0.9992147923
1.0056954975
1.0026865987
1.0038727991
0.9945278538
1.0000538122
1.0059848147
0.9945567855
1.0011532175
0.9976235478
1.0036702771
0.9912585695
1.0009506955
0.9951932833
0.9969870499
1.0032941648
1.0037570723
1.0071420834
1.0074024689
0.9988676117
1.0041042529
1.0025419401
0.9975367526
1.0013268078
0.9974499574
0.9932837899
1.0014425347
0.9948171710
0.9911428426
0.9929944727
0.9947303758
0.9979128650
0.9949328979
0.9961190984
0.9949039661
0.9982021821
1.0020790325
0.9976814112
0.9909692523
0.9964952107
0.9926762237
1.0011821492
0.9978839332
0.9952222151
1.0019343739
0.9989254751
1.0044225018
1.0023394180
0.9985204311
0.9949039661
1.0005456514
1.0101799140
0.9873527874
0.9912007061
1.0004588563
0.9982311139
1.0007771052
1.0039306626
0.9979417967
1.0003431294
0.9935441753
1.0084729425
0.9963794838
1.0062452001
1.0002852659
0.9950486247
1.0023972815
1.0053483168
0.9963505521
1.0015871933
1.0052325900
1.0019343739
0.9944989221
0.9969870499
0.9978839332
0.9950196930
0.9947014441
1.0029759158
1.0031495062
0.9916636136
1.0035834820
0.9923579748
1.0046828873
0.9898987787
1.0013268078
0.9973052988
1.0018186471
0.9960033715
1.0032363013
0.9974499574
0.9926183603
0.9956272591
0.9929076775
1.0039017309
1.0015871933
0.9963794838
0.9953090102
0.9973631623
0.9928498141
0.9979417967
0.9938334925
0.9954536688
1.0019633057
0.9974788892
0.9944989221
1.0147221939
0.9998802219
0.9918372039
0.9956561908
0.9991279972
0.9923290431
1.0001695391
0.9982889773
0.9966688010
0.9969581182
1.0050300679
0.9975656843
0.9993015875
1.0025419401
0.9974210257
1.0001406073
0.9955404640
0.9933127216
1.0022236911
0.9939781511
0.9936020388
1.0002852659
1.0028601890
1.0059848147
0.9997644950
1.0012400127
0.9999670170
0.9966109376
1.0036992088
1.0098616651
1.0056665657
0.9974788892
0.9995041095
1.0031784379
1.0060426781
0.9939202877
0.9971606402
0.9942096049
1.0109321387
0.9941806732
0.9911717743
1.0005456514
1.0011532175
0.9986940214
0.9958876446
0.9983179090
1.0018186471
1.0045092970
0.9912585695
0.9883075341
1.0060426781
1.0043357067
0.9994173144
0.9988965434
0.9979707284
0.9986940214
0.9932837899
0.9984914993
0.9979417967
0.9986650897
0.9997934267
1.0022815546
0.9978550015
1.0041910481
1.0059558829
1.0056376340
1.0108453435
0.9978839332
0.9996487681
0.9944699903
0.9965241424
0.9977971381
1.0069395614
1.0042489115
0.9979128650
1.0070263566
1.0021947594
1.0065345173
0.9961769618
1.0030337793
1.0145775353
1.0045960921
0.9902748910
0.9956851226
0.9950775565
0.9931680630
0.9994751778
1.0005745831
1.0072867420
0.9956851226
0.9961190984
0.9957140543
1.0029469841
0.9994462461
0.9987808165
1.0073156738
1.0040753212
1.0036702771
0.9994751778
1.0007481735
0.9974499574
0.9983468407
1.0019922374
0.9951643516
0.9995041095
0.9993594509
1.0027733938
1.0012110810
1.0007481735
0.9943831952
0.9904484814
0.9949328979
1.0011242858
1.0061873367
1.0008639003
1.0061584050
1.0048854093
0.9968713231
0.9973342306
1.0033809599
0.9982021821
0.9993305192
1.0025130083
0.9966688010
1.0078943081
1.0050011362
0.9986072262
1.0074603323
0.9985782945
0.9995330412
1.0023104863
0.9937466974
1.0096012796
1.0083282839
1.0006613783
0.9983757725
1.0027155304
0.9982311139
1.0011242858
1.0093698258
0.9999380853
1.0016161250
0.9977392746
0.9947593075
1.0030337793
1.0064187905
1.0084440108
1.0023683497
1.0057244292
0.9950196930
0.9991858606
0.9970449134
0.9946725124
1.0040753212
1.0048275459
0.9996487681
1.0044803653
1.0049432728
0.9978260698
1.0053483168
0.9909403206
1.0101799140
0.9889151002
0.9971606402
0.9996776998
1.0046828873
1.0056665657
0.9990990654
0.9961480301
0.9979707284
0.9891176223
1.0063609270
0.9989254751
0.9938334925
0.9974210257
0.9911139109
1.0035545502
1.0117711585
0.9946435807
1.0077785813
1.0062741319
1.0078653764
1.0005167197
0.9939492194
1.0062452001
0.9935152436
1.0074603323
0.9975367526
0.9990412020
0.9962926887
0.9984047042
0.9973052988
1.0013846713
1.0080100350
0.9896673249
1.0018765105
1.0033520282
1.0021079643
0.9991858606
0.9971317085
0.9942096049
0.9903616862
0.9998223584
0.9984625676
1.0001406073
0.9955115322
0.9991858606
1.0082993522
1.0141146278
1.0060716098
1.0034098916
0.9988965434
0.9965820059
0.9972474354
0.9921554528
1.0032363013
1.0000248805
1.0043935701
0.9964373473
0.9968423913
0.9998802219
0.9981732504
1.0034098916
0.9915189550
1.0003141977
1.0110189338
0.9941517414
1.0017607836
0.9915189550
0.9994751778
0.9918372039
1.0054061803
1.0020790325
0.9979707284
0.9993305192
1.0020790325
1.0003431294
0.9968423913
1.0038438674
1.0070263566
1.0028023255
0.9967555962
0.9944699903
1.0004009928
0.9994173144
0.9939202877
1.0082414888
0.9942096049
0.9967845279
0.9946435807
0.9975946160
1.0132756079
0.9951064882
1.0008060369
1.0041621163
0.9986361579
1.0067949028
0.9968423913
0.9991279972
1.0012400127
1.0077785813
0.9952800785
1.0049722045
1.0037281405
0.9977682064
0.9936020388
0.9962926887
1.0061873367
1.0017897154
0.9980285918
1.0007771052
0.9995041095
0.9961190984
0.9912585695
1.0057533609
0.9969002548
0.9947882393
0.9993594509
1.0058980195
0.9954536688
1.0044225018
1.0011532175
0.9959165763
1.0067081076
0.9950486247
0.9947593075
1.0096302113
0.9963794838
0.9915189550
1.0075181958
1.0007481735
1.0013268078
0.9988676117
1.0061873367
0.9963505521
1.0036413454
0.9948171710
1.0089647818
1.0035834820
1.0079232399
0.9990990654
1.0045382287
0.9996487681
1.0006035149
1.0019054422
1.0071420834
1.0065923808
0.9999959487
0.9936020388
0.9986940214
0.9984625676
0.9997644950
0.9958297812
1.0001695391
0.9987518848
0.9961190984
0.9975367526
1.0092540990
0.9999670170
0.9960612349
1.0050589996
1.0006324466
0.9999670170
1.0002852659
1.0056376340
0.9968713231
1.0076628544
0.9957429860
0.9977682064
1.0067081076
1.0042778432
0.9997355633
1.0099484602
0.9908535254
0.9983179090
1.0062162684
1.0030627110
1.0058980195
1.0119447489
0.9945567855
1.0008349686
0.9922711797
1.0075181958
1.0080389667
0.9947593075
0.9922133162
1.0037281405
1.0056087023
0.9890018954
1.0098038016
0.9968134596
0.9980575236
1.0031495062
0.9924158383
0.9927340872
1.0003141977
0.9967845279
1.0098038016
0.9973631623
1.0089647818
0.9976524795
0.9947014441
0.9998512902
1.0106717532
1.0041910481
1.0010664224
1.0112214559
1.0061873367
0.9984336359
1.0002852659
1.0003720611
0.9973342306
0.9940938780
0.9978260698
1.0019633057
0.9945857172
0.9961190984
0.9971895720
0.9959455080
0.9967555962
1.0007771052
0.9919818625
1.0022236911
1.0005745831
0.9979417967
1.0061584050
1.0070263566
1.0034966868
0.9978839332
1.0031205744
1.0006613783
0.9968423913
1.0012400127
1.0018186471
0.9982600456
0.9949618296
1.0081546936
0.9947303758
0.9975946160
0.9916636136
1.0001406073
1.0139989009
1.0040174577
0.9984047042
1.0024551449
1.0059269512
0.9990990654
1.0103824360
0.9976814112
0.9963216204
1.0039017309
0.9949328979
1.0062162684
0.9949618296
0.9999959487
1.0024262132
1.0089069183
1.0059558829
1.0074892641
0.9954247371
0.9987518848
1.0045092970
0.9966398693
0.9970449134
1.0126969736
0.9905642082
0.9996776998
1.0002852659
0.9997355633
1.0018475788
0.9978839332
0.9932837899
0.9997355633
1.0168342094
0.9995619730
0.9993015875
1.0005167197
1.0092251672
1.0001116756
0.9890597588
1.0052904534
1.0033809599
1.0063319953
1.0107874801
0.9942964000
0.9979707284
0.9976814112
0.9957719177
1.0020501008
0.9963216204
1.0004877880
0.9969291865
1.0028023255
1.0081836253
0.9985493628
0.9896673249
1.0006324466
0.9939202877
0.9910849792
1.0025708718
1.0023972815
1.0040174577
1.0002852659
1.0031784379
1.0012689444
1.0034966868
0.9962058935
1.0033809599
0.9974210257
0.9944989221
0.9983757725
1.0034677551
1.0059269512
1.0035256185
1.0021658277
1.0054351120
0.9988965434
0.9931680630
0.9914032281
1.0064766539
0.9985493628
1.0037860040
0.9944410586
1.0002852659
1.0026287352
0.9950196930
0.9999959487
0.9955983274
1.0015003982
0.9993305192
1.0037860040
0.9991858606
0.9954826005
1.0122629978
0.9914900233
1.0055797706
1.0046539556
0.9991858606
0.9957140543
0.9999670170
0.9969581182
1.0003720611
1.0001406073
1.0001984708
1.0071420834
1.0030048476
1.0072578103
1.0056665657
1.0063030636
0.9993305192
1.0119736806
1.0170077997
1.0020790325
0.9972474354
1.0001984708
0.9951064882
1.0003720611
1.0016161250
0.9972763671
1.0018186471
1.0029469841
0.9947014441
1.0033230965
1.0072867420
1.0092540990
0.9944121269
1.0032073696
0.9868320164
0.9986072262
0.9982600456
0.9975078209
0.9998802219
1.0007771052
0.9922711797
1.0078943081
1.0106717532
1.0037281405
1.0022236911
0.9894937346
0.9889151002
0.9984914993
1.0025998035
0.9984914993
0.9890886905
1.0021658277
0.9960612349
0.9956851226
0.9956851226
0.9911139109
1.0004299245
1.0016450568
0.9941806732
1.0039017309
0.9887125782
0.9955404640
0.9985204311
1.0024551449
0.9992147923
1.0105849580
1.0050879314
0.9969581182
1.0042489115
1.0063319953
0.9996487681
0.9933416533
1.0051168631
1.0112214559
0.9894648029
0.9907377985
0.9960323032
0.9912007061
0.9923290431
0.9938913560
1.0095144844
1.0010374906
0.9967845279
0.9903038228
0.9994173144
1.0072288786
0.9942674683
0.9997355633
0.9929944727
0.9928498141
0.9976235478
0.9942964000
0.9967555962
0.9960612349
0.9918661356
1.0045092970
0.9977682064
0.9966977327
0.9939492194
0.9969870499
1.0063898587
0.9978550015
1.0044803653
0.9983757725
1.0021658277
1.0080100350
1.0039306626
0.9974499574
1.0055508389
0.9955983274
0.9981443187
0.9918082722
0.9937756291
0.9995619730
0.9980864553
0.9949039661
0.9960901666
1.0015871933
0.9935152436
1.0045960921
1.0039885260
1.0058980195
1.0127837687
1.0035545502
1.0068527662
1.0052615217
1.0080968302
0.9969870499
0.9926472920
1.0049432728
1.0009506955
0.9977392746
1.0036124137
0.9905642082
0.9897830518
1.0128416322
0.9976524795
0.9940938780
1.0069684931
0.9957719177
0.9932548581
0.9958297812
1.0139699692
0.9969291865
1.0057244292
0.9885679196
0.9935152436
0.9970738451
1.0021947594
0.9941517414
0.9950486247
0.9990701337
0.9928787458
0.9995909047
0.9984336359
0.9953668736
1.0014425347
0.9971895720
1.0035834820
0.9953090102
0.9955983274
0.9937466974
0.9970449134
0.9920107942
0.9967845279
1.0086754646
0.9952800785
0.9997355633
0.9959165763
0.9946146489
0.9996198364
1.0034098916
1.0001116756
1.0005456514
1.0032073696
1.0045092970
1.0060137464
1.0053483168
0.9914032281
1.0001116756
1.0036992088
0.9974788892
1.0017318519
0.9996776998
1.0054929754
1.0072578103
0.9959744398
1.0089069183
1.0012400127
1.0138542423
0.9949618296
0.9937466974
1.0016739885
0.9977682064
1.0093987575
1.0027444621
0.9904774131
0.9994751778
0.9979707284
0.9960033715
0.9982889773
1.0074603323
0.9943831952
0.9964373473
0.9953090102
1.0041910481
0.9979128650
1.0006903100
0.9894069395
1.0058690878
0.9898698470
0.9955115322
1.0023104863
1.0028023255
1.0005745831
0.9963505521
0.9975367526
0.9998802219
1.0012978761
1.0014714664
1.0012400127
0.9980285918
1.0012400127
0.9986650897
0.9943542635
0.9905642082
1.0073446055
0.9862823138
0.9983468407
1.0031784379
1.0094276893
1.0074314006
0.9972763671
0.9968134596
0.9969002548
0.9899566421
0.9987229531
1.0025708718
0.9984047042
1.0021079643
0.9916346818
0.9960901666
0.9907088668
0.9946725124
0.9949618296
0.9890597588
1.0028023255
0.9958297812
1.0001406073
0.9962058935
0.9922133162
0.9941228097
1.0086754646
1.0030916427
1.0138542423
1.0030916427
0.9961769618
0.9910271157
0.9931391313
0.9953090102
0.9975656843
1.0047986142
0.9991858606
0.9951932833
0.9998802219
0.9898698470
0.9942096049
1.0069684931
1.0013846713
1.0060137464
1.0117711585
1.0013268078
0.9972185037
0.9904484814
1.0060137464
0.9956272591
0.9884232610
0.9981732504
0.9996198364
0.9971027768
0.9993015875
0.9909403206
0.9931391313
1.0015871933
0.9999670170
1.0048275459
0.9962637569
0.9969002548
0.9874974460
1.0017897154
0.9989833386
0.9947014441
1.0034388234
1.0033520282
0.9949618296
0.9984336359
1.0009506955
0.9983179090
0.9976235478
1.0068238345
0.9904774131
1.0056376340
0.9945567855
0.9886257830
0.9928498141
1.0017029202
0.9906799351
1.0055797706
0.9969870499
0.9997644950
1.0027733938
0.9963794838
1.0030916427
1.0006613783
0.9985782945
0.9954247371
0.9997355633
1.0108164118
1.0008060369
1.0089647818
0.9944121269
1.0001116756
1.0116554317
1.0066213125
0.9961769618
1.0005745831
0.9985204311
1.0036413454
0.9996198364
1.0002852659
0.9914321598
1.0008639003
1.0104692312
0.9976235478
1.0044803653
1.0048564776
1.0046250239
0.9935731070
0.9985493628
0.9962348252
1.0013268078
0.9984047042
1.0099195285
1.0082414888
1.0025708718
1.0102956408
0.9903616862
0.9969581182
1.0003720611
1.0001116756
1.0025419401
0.9904195496
1.0044803653
1.0067370394
1.0040463895
1.0063030636
0.9906510034
0.9956561908
1.0018475788
1.0104692312
1.0001116756
1.0031495062
0.9948171710
0.9842570934
0.9997355633
0.9966977327
1.0128416322
0.9976524795
0.9895515981
1.0056087023
1.0008349686
0.9974499574
1.0039017309
0.9962637569
1.0026576669
0.9968134596
1.0030337793
1.0003720611
0.9993883826
1.0043357067
0.9975946160
0.9964952107
1.0146353988
0.9950486247
0.9993594509
0.9954247371
0.9941517414
0.9977682064
1.0011821492
0.9958008494
1.0043646384
0.9936309705
1.0038727991
0.9949328979
1.0038438674
1.0027444621
0.9964952107
1.0022236911
0.9954536688
0.9879603535
1.0006324466
0.9930523361
1.0012689444
1.0022236911
1.0084150791
0.9981732504
1.0021368960
0.9966398693
1.0035256185
0.9925026334
1.0024551449
1.0022236911
0.9988965434
0.9971606402
0.9942964000
0.9866873578
1.0044225018
1.0040753212
1.0022526229
1.0104692312
1.0087622597
0.9993594509
0.9899855738
1.0000827439
0.9974788892
1.0004877880
1.0050879314
1.0081257619
1.0045092970
0.9923579748
1.0002274025
0.9971606402
0.9984625676
1.0040463895
0.9957140543
1.0048854093
1.0035834820
0.9974499574
0.9956272591
1.0074603323
0.9988965434
0.9934863119
0.9968423913
1.0130730859
0.9946435807
1.0050879314
0.9949039661
0.9991569289
1.0025130083
0.9941228097
1.0016161250
0.9886836465
0.9995330412
0.9965820059
1.0044225018
1.0038149357
1.0083572157
1.0045671604
1.0014425347
1.0048564776
0.9958008494
0.9872081288
0.9968423913
0.9903616862
1.0015871933
0.9951064882
1.0022526229
0.9958297812
1.0124365881
1.0043646384
1.0017607836
0.9964084155
1.0016161250
0.9886547148
0.9965530741
0.9976524795
0.9973920940
1.0092830307
1.0023972815
0.9972185037
1.0015293299
1.0039595943
0.9994462461
1.0011532175
1.0013846713
1.0013846713
0.9990990654
1.0110767973
1.0054061803
0.9979128650
1.0043935701
1.0047118190
0.9907377985
0.9988965434
0.9962637569
1.0050589996
0.9911428426
1.0013557396
0.9863112455
1.0093987575
0.9987808165
1.0067370394
0.9992726558
1.0041331846
0.9956851226
0.9963505521
0.9946435807
0.9955693957
0.9973631623
0.9989254751
0.9935152436
0.9916636136
1.0019054422
0.9969870499
1.0014425347
0.9938334925
0.9949039661
1.0076049909
1.0056954975
0.9992437240
1.0028023255
0.9903327545
0.9944699903
0.9991569289
0.9958297812
0.9984914993
0.9986072262
0.9861665869
1.0009796272
0.9916057501
0.9992726558
1.0024262132
0.9989833386
0.9977971381
1.0025998035
0.9970449134
1.0054061803
1.0074892641
1.0026865987
1.0003141977
1.0064766539
0.9949039661
1.0047986142
1.0016739885
0.9988386800
1.0101220505
1.0073735372
1.0069106297
1.0112793193
0.9950196930
0.9979707284
0.9939492194
0.9997066316
1.0053483168
0.9877288997
0.9983468407
0.9952800785
0.9912007061
0.9974210257
1.0090226452
1.0009506955
1.0001116756
0.9943253317
1.0095144844
1.0025419401
1.0025419401
1.0007192417
0.9983757725
0.9906799351
1.0061294733
1.0017897154
1.0032941648
1.0022526229
1.0020501008
0.9899566421
1.0028023255
1.0039595943
1.0037860040
1.0044803653
0.9990122703
0.9942674683
1.0104692312
0.9918661356
0.9951932833
0.9978839332
1.0021079643
1.0017318519
0.9882786024
1.0002274025
0.9977971381
0.9972185037
1.0041331846
1.0102377774
0.9967555962
0.9982889773
1.0017897154
0.9916057501
0.9968134596
1.0010664224
0.9920686576
0.9997066316
1.0056665657
0.9933995167
1.0014425347
0.9989544069
1.0081836253
1.0012400127
1.0063609270
0.9958008494
1.0002852659
0.9963216204
1.0045382287
0.9973631623
1.0004009928
0.9979996601
1.0102956408
1.0061584050
0.9971317085
0.9949618296
0.9874974460
1.0025419401
1.0061005415
0.9963794838
0.9974499574
1.0100931188
1.0000538122
0.9952511468
0.9966977327
0.9998512902
0.9952511468
0.9990412020
0.9995041095
1.0000538122
0.9970738451
0.9939202877
0.9975656843
0.9947593075
1.0004588563
1.0004877880
0.9984047042
0.9930523361
0.9821161462
0.9992437240
1.0011821492
0.9959165763
0.9916925453
1.0063609270
0.9951643516
1.0114529096
0.9933127216
0.9928787458
0.9991279972
1.0001406073
0.9857036794
0.9977682064
1.0064187905
0.9936309705
1.0125233832
0.9972763671
0.9923869066
1.0090805086
1.0069395614
1.0047118190
1.0055797706
1.0000248805
1.0098905968
0.9950775565
1.0024840766
1.0015871933
1.0042489115
1.0066213125
1.0016450568
0.9936888339
0.9949907613
0.9963216204
1.0074603323
0.9994173144
1.0021658277
0.9923001114
1.0003431294
1.0003141977
0.9953379419
1.0013846713
1.0013846713
1.0048564776
0.9942096049
0.9951932833
0.9951643516
1.0112793193
0.9974499574
1.0030337793
1.0019343739
0.9942385366
1.0024840766
0.9969291865
0.9886836465
0.9927919506
1.0008928320
1.0008060369
1.0087043963
0.9918372039
0.9955404640
1.0082414888
1.0018475788
0.9913453647
0.9966977327
0.9951932833
1.0025130083
0.9954247371
1.0040753212
1.0069684931
1.0001116756
0.9902459593
0.9901591642
1.0003141977
0.9959165763
1.0022526229
0.9943253317
1.0014714664
0.9964084155
1.0042778432
0.9995619730
1.0040753212
0.9988676117
1.0116554317
0.9963794838
0.9991569289
0.9980575236
1.0020501008
1.0001406073
0.9980285918
1.0088201232
1.0038438674
0.9988097483
1.0067949028
1.0026576669
1.0056376340
1.0023104863
1.0047696824
1.0005167197
1.0014714664
0.9958876446
1.0013846713
0.9936309705
1.0005167197
0.9899566421
1.0035256185
1.0017318519
0.9944121269
1.0022815546
1.0019054422
0.9894648029
0.9951064882
1.0004877880
1.0000827439
1.0062162684
1.0050011362
0.9965820059
1.0048564776
0.9985493628
1.0013846713
1.0064477222
0.9953090102
0.9995330412
1.0106428215
1.0012110810
1.0040174577
0.9936309705
1.0000248805
0.9921265211
1.0100352554
0.9985493628
0.9925026334
1.0000827439
0.9954536688
1.0054351120
1.0036702771
0.9859351331
0.9965820059
1.0074603323
1.0001116756
1.0022526229
0.9933705850
1.0019343739
1.0065923808
1.0001406073
0.9997066316
1.0064187905
1.0016161250
0.9996487681
0.9986072262
0.9951354199
1.0052325900
1.0063609270
1.0048854093
1.0024551449
0.9995619730
0.9987808165
0.9894069395
0.9869477433
0.9977392746
0.9976524795
0.9955404640
0.9888861685
0.9995041095
0.9922133162
1.0014714664
1.0096012796
1.0038438674
1.0030627110
1.0039885260
0.9914321598
1.0001406073
0.9972185037
0.9988097483
0.9947882393
0.9982311139
0.9962348252
1.0050011362
0.9952511468
0.9955693957
1.0019633057
1.0042778432
0.9973052988
0.9935152436
1.0071131517
1.0000538122
0.9979417967
0.9993015875
1.0002274025
0.9929366092
1.0055508389
0.9985782945
0.9995619730
0.9951932833
1.0055508389
1.0041621163
1.0043357067
1.0021368960
1.0035545502
1.0099195285
0.9924447700
1.0046250239
0.9996198364
1.0083282839
1.0022526229
0.9942096049
1.0152429649
1.0043646384
0.9891465540
0.9927630189
0.9941517414
0.9957719177
0.9924158383
1.0025708718
0.9960901666
0.9994173144
0.9938913560
0.9982311139
1.0042778432
0.9924737017
0.9918372039
0.9994173144
0.9996198364
1.0084440108
1.0115686365
0.9952800785
0.9974499574
1.0010085589
1.0000827439
1.0027733938
1.0051457948
1.0084440108
1.0087043963
0.9993594509
1.0049432728
1.0094855527
0.9974788892
1.0010664224
1.0041910481
0.9920397259
0.9947593075
1.0033230965
0.9987229531
1.0061294733
1.0001984708
1.0056665657
0.9938334925
1.0041621163
1.0098616651
1.0006613783
0.9909981840
0.9977971381
0.9960033715
1.0077496495
1.0018475788
1.0003720611
0.9925026334
1.0146064670
1.0030337793
1.0048854093
0.9970449134
0.9964952107
0.9995619730
0.9939202877
1.0012689444
1.0003720611
1.0013846713
1.0030916427
0.9952222151
1.0091383721
1.0011821492
0.9992437240
0.9956851226
1.0104402994
0.9958008494
1.0071999469
1.0040753212
0.9994173144
1.0059269512
1.0004009928
0.9930523361
1.0047118190
1.0032363013
0.9965820059
0.9955404640
0.9932548581
1.0006035149
0.9958008494
1.0025130083
1.0036124137
1.0069395614
0.9993883826
0.9997066316
1.0144618084
1.0056954975
0.9940649463
1.0011242858
1.0012689444
1.0021079643
0.9945278538
1.0057533609
0.9991279972
1.0000827439
1.0008349686
1.0032941648
1.0040463895
1.0012110810
0.9960033715
1.0026576669
1.0017318519
1.0028891207
0.9903327545
0.9971317085
0.9922711797
1.0046250239
1.0003720611
0.9957719177
1.0000827439
1.0060426781
0.9944699903
0.9964084155
0.9931969947
0.9982600456
1.0022236911
1.0007192417
0.9956851226
0.9966977327
1.0056665657
0.9893201443
0.9970159817
1.0024840766
0.9997066316
1.0017029202
1.0017029202
0.9986650897
1.0062162684
0.9944121269
0.9872659922
0.9969291865
0.9928498141
1.0089937135
0.9975656843
1.0001984708
1.0048564776
1.0015871933
0.9916636136
1.0025998035
0.9901591642
0.9980285918
1.0002852659
0.9909403206
1.0041621163
1.0062452001
0.9974499574
0.9963216204
0.9982889773
1.0050300679
1.0106717532
0.9928208823
1.0015293299
1.0139410375
0.9967555962
0.9923290431
0.9969581182
0.9984625676
0.9964662790
1.0016450568
0.9988097483
1.0010953541
1.0024840766
1.0007771052
0.9871791971
0.9987808165
1.0005167197
0.9942096049
0.9857326111
1.0001116756
1.0068527662
0.9948171710
0.9925894286
0.9966109376
1.0022815546
0.9974788892
1.0086176011
0.9924158383
0.9990701337
1.0017029202
0.9979417967
1.0004877880
0.9960323032
1.0096880747
1.0024840766
1.0011532175
0.9991569289
0.9980864553
0.9918372039
0.9969870499
0.9914321598
1.0020211691
1.0030337793
0.9899566421
0.9937466974
0.9979128650
0.9930234044
1.0009217638
1.0070552883
0.9971027768
0.9902459593
1.0007481735
1.0086465328
0.9950486247
0.9994462461
0.9990990654
0.9955115322
0.9927630189
1.0063609270
0.9919529308
0.9879314218
0.9941517414
0.9995909047
0.9897830518
0.9968713231
1.0017607836
0.9964952107
1.0052615217
1.0147800574
1.0058401561
1.0090805086
1.0037281405
1.0050879314
1.0017029202
0.9998223584
1.0050011362
0.9955693957
0.9993015875
1.0067949028
1.0103535043
0.9962637569
0.9996198364
0.9921265211
0.9957429860
0.9952800785
0.9988676117
1.0044225018
1.0023104863
1.0035545502
1.0015003982
1.0035256185
1.0028023255
0.9974499574
0.9956561908
1.0082125571
1.0030916427
0.9969870499
1.0002852659
1.0059848147
1.0014425347
1.0039885260
0.9974788892
1.0007771052
0.9990412020
1.0025998035
0.9978550015
1.0048854093
0.9989833386
0.9953668736
1.0065345173
1.0107874801
1.0090805086
1.0058690878
1.0048564776
1.0041910481
1.0036992088
0.9905931399
0.9985204311
0.9980285918
1.0017897154
0.9993015875
1.0103245726
0.9943253317
0.9965820059
1.0077496495
1.0007771052
0.9926183603
0.9936309705
1.0013268078
1.0034677551
1.0080389667
1.0103824360
0.9945278538
1.0098905968
0.9996776998
1.0118290220
1.0018475788
0.9981443187
0.9997355633
0.9969002548
0.9962348252
1.0048275459
0.9946435807
0.9926762237
0.9914610915
0.9951643516
1.0085308060
1.0061873367
1.0010085589
1.0021658277
0.9920397259
0.9886547148
1.0096591430
0.9976524795
1.0023972815
0.9978260698
0.9960033715
1.0049432728
1.0057822926
1.0031205744
0.9940360146
1.0080389667
0.9993015875
1.0017318519
1.0027733938
0.9928498141
1.0018765105
0.9904484814
0.9975078209
1.0073446055
1.0070842200
0.9900145056
0.9960901666
0.9970738451
1.0058980195
0.9968713231
1.0002852659
0.9985493628
0.9986361579
0.9885679196
0.9990990654
0.9980575236
0.9962926887
0.9930234044
1.0026576669
0.9994751778
1.0031205744
0.9967555962
0.9975078209
0.9991858606
1.0055508389
0.9900145056
1.0034098916
0.9977971381
1.0065923808
0.9930812678
1.0035256185
1.0078653764
1.0012400127
1.0074024689
0.9955404640
1.0058980195
1.0064766539
0.9967555962
0.9995041095
0.9969291865
1.0045382287
1.0043067749
0.9963794838
0.9970159817
1.0050879314
1.0030048476
0.9983757725
1.0079232399
1.0011532175
1.0011242858
1.0017897154
0.9928208823
0.9972185037
0.9981153870
1.0001695391
0.9990990654
0.9947303758
0.9907088668
1.0044225018
0.9920975894
0.9938045608
0.9934284484
1.0034098916
0.9964952107
0.9915189550
1.0078364447
0.9915478867
0.9988965434
0.9970159817
1.0058690878
0.9972185037
0.9977682064
1.0040463895
0.9920975894
1.0093119624
0.9993015875
0.9946725124
1.0011821492
0.9955404640
1.0017897154
1.0130441542
1.0030916427
1.0072867420
1.0054929754
1.0012978761
1.0097170065
1.0007481735
0.9940649463
1.0095723479
1.0017029202
1.0012978761
0.9944121269
0.9987808165
0.9963794838
1.0014714664
0.9878446266
0.9924158383
0.9970159817
1.0023104863
1.0004877880
1.0043067749
1.0061584050
0.9982311139
0.9948461027
0.9964373473
1.0016161250
0.9988965434
1.0081836253
1.0018186471
0.9977103429
0.9941228097
1.0063030636
1.0019922374
1.0006613783
1.0116264999
0.9914900233
1.0093119624
1.0153876235
1.0029469841
1.0051168631
1.0041042529
0.9963505521
1.0002563342
1.0076339227
0.9993883826
1.0007771052
0.9915189550
0.9999670170
0.9937466974
1.0026576669
1.0058401561
0.9963794838
1.0166316874
1.0058980195
0.9965241424
0.9950196930
0.9978260698
0.9998802219
0.9986361579
0.9944121269
1.0069974248
1.0144618084
0.9916346818
1.0047118190
0.9889729637
0.9978839332
1.0056376340
0.9912007061
0.9979996601
0.9977103429
0.9820872145
1.0075471275
0.9961769618
1.0059558829
0.9973052988
1.0005167197
1.0082993522
0.9986072262
1.0003431294
0.9983179090
0.9919818625
1.0003141977
0.9990122703
1.0056954975
0.9977682064
0.9984047042
1.0002852659
0.9890308271
1.0091673038
0.9938045608
1.0036124137
1.0050300679
0.9949039661
1.0036413454
1.0010664224
1.0052904534
0.9948750344
0.9983757725
0.9950196930
1.0100931188
1.0022815546
0.9942096049
1.0009796272
0.9970159817
0.9955115322
0.9924158383
0.9877288997
0.9986940214
0.9950775565
1.0107874801
1.0025998035
0.9917214770
1.0093698258
0.9988965434
0.9914032281
1.0041042529
0.9966688010
1.0011821492
1.0025998035
0.9956272591
1.0077207178
0.9995041095
0.9892333491
0.9960033715
1.0042778432
0.9960901666
1.0089647818
1.0000248805
0.9864269724
1.0038438674
1.0009506955
1.0037570723
1.0071420834
0.9974499574
1.0041621163
0.9932259264
1.0071131517
0.9997934267
0.9842281617
0.9938913560
1.0157926675
0.9946146489
0.9949907613
0.9907088668
0.9895226663
0.9988097483
1.0006035149
1.0000538122
0.9923579748
1.0006324466
0.9959744398
0.9975946160
0.9958587129
0.9993015875
1.0008060369
0.9921843845
1.0019343739
0.9956851226
0.9964084155
1.0030337793
0.9992726558
1.0076628544
1.0017029202
1.0014425347
1.0041331846
1.0049722045
1.0076917861
1.0028023255
0.9972474354
1.0050011362
1.0069395614
1.0048854093
0.9924737017
1.0004877880
0.9970159817
0.9973052988
0.9999380853
1.0021658277
1.0017318519
1.0000538122
0.9994751778
0.9931101995
1.0026287352
0.9911717743
0.9939492194
0.9954826005
0.9962348252
0.9977971381
0.9875842411
1.0050589996
0.9960612349
0.9931101995
0.9999959487
0.9911139109
1.0000827439
1.0024551449
0.9929944727
0.9862244503
0.9876131729
0.9989833386
0.9843438886
0.9982021821
0.9949618296
1.0058690878
1.0009506955
1.0002852659
1.0037570723
1.0005456514
1.0065634490
0.9903616862
1.0067949028
1.0071131517
1.0030916427
0.9932259264
0.9946435807
0.9901013007
0.9978839332
0.9971317085
1.0005745831
0.9886257830
1.0035545502
0.9969581182
1.0006613783
1.0006324466
1.0039306626
0.9964373473
0.9908535254
0.9970449134
1.0011821492
1.0014714664
0.9938913560
1.0051168631
0.9924737017
1.0114239779
0.9902170276
0.9917214770
0.9943542635
0.9969291865
1.0048564776
0.9915478867
1.0035834820
0.9982311139
1.0041042529
1.0005456514
1.0034388234
0.9925604969
1.0018186471
1.0080968302
0.9932837899
1.0047118190
0.9924158383
0.9863980406
0.9977392746
1.0013846713
1.0090805086
1.0052325900
0.9983179090
0.9999959487
0.9967266645
1.0049722045
1.0106428215
1.0067949028
1.0077496495
0.9940360146
0.9969581182
0.9912296378
1.0014714664
0.9958876446
1.0115397048
1.0049143410
0.9979996601
1.0010374906
0.9975946160
1.0060426781
1.0008928320
1.0045960921
1.0064187905
1.0019054422
1.0015003982
0.9997355633
0.9991569289
1.0018186471
0.9925026334
0.9999959487
1.0008928320
1.0029180524
0.9999091536
1.0035834820
0.9999091536
1.0028023255
0.9957719177
1.0018765105
0.9963505521
0.9924447700
0.9993594509
1.0047118190
0.9995619730
0.9972185037
0.9977682064
0.9990701337
1.0066791759
0.9971606402
0.9885679196
0.9989254751
1.0053772486
1.0034098916
0.9986361579
0.9997934267
0.9968423913
0.9987518848
1.0054640437
0.9986650897
1.0001695391
1.0006035149
1.0063030636
1.0006324466
0.9998802219
1.0023394180
1.0017029202
0.9963216204
0.9943542635
1.0074603323
0.9978550015
0.9979128650
1.0006903100
0.9964084155
0.9998223584
0.9961190984
1.0031495062
0.9947882393
1.0049432728
1.0051457948
0.9935152436
0.9988097483
1.0042489115
1.0021658277
1.0055508389
0.9953090102
0.9981443187
1.0005167197
1.0040463895
0.9935731070
0.9991858606
0.9933416533
0.9976814112
1.0034388234
1.0018186471
0.9892333491
1.0043646384
1.0061873367
1.0040753212
1.0008349686
0.9979417967
1.0010953541
1.0028312572
0.9876710363
1.0044225018
0.9962348252
1.0036992088
0.9891754857
0.9936309705
0.9997066316
1.0128705639
1.0025998035
0.9991279972
0.9992147923
1.0091094404
0.9958297812
0.9945857172
0.9998802219
1.0089069183
0.9986650897
1.0056665657
0.9980285918
1.0036992088
0.9983757725
1.0059848147
1.0094276893
1.0032652330
0.9956561908
1.0092251672
0.9984914993
0.9934573802
0.9999380853
0.9980864553
1.0040753212
0.9995330412
1.0107006849
0.9924447700
0.9979128650
0.9924447700
1.0048564776
1.0001984708
1.0074314006
1.0031784379
1.0099773919
1.0028891207
0.9861087234
0.9985493628
1.0023394180
0.9982021821
0.9941228097
1.0009796272
0.9966109376
1.0008639003
1.0110767973
0.9921554528
0.9992437240
0.9967266645
0.9952800785
0.9937177656
1.0047986142
1.0021658277
0.9968423913
1.0055797706
1.0001695391
0.9957429860
1.0033809599
1.0047696824
1.0033230965
0.9969581182
1.0008639003
1.0007481735
1.0025708718
0.9951932833
1.0129862908
1.0044514335
1.0039017309
0.9938045608
0.9936020388
1.0100063237
1.0052904534
0.9999959487
0.9989833386
0.9965241424
0.9970159817
1.0004588563
0.9922422480
0.9962637569
1.0052325900
1.0010374906
0.9933127216
0.9928498141
1.0107874801
0.9982021821
1.0068238345
0.9984336359
0.9955693957
1.0053483168
0.9992437240
0.9999670170
1.0005745831
1.0023394180
0.9898119835
1.0001695391
1.0084729425
0.9975656843
1.0028601890
1.0012400127
1.0057244292
0.9989833386
0.9961480301
0.9977971381
1.0008349686
0.9967266645
0.9954247371
0.9996487681
0.9963505521
0.9957140543
0.9999959487
1.0071710152
0.9961769618
1.0034966868
0.9953668736
1.0032652330
1.0010664224
0.9985493628
0.9965530741
1.0048564776
1.0006324466
0.9969581182
1.0029180524
0.9958587129
0.9960901666
1.0019633057
0.9928498141
1.0007192417
0.9955693957
0.9995041095
1.0111346607
0.9960901666
1.0112793193
1.0012110810
1.0034966868
1.0010664224
1.0103824360
1.0009506955
0.9923869066
1.0009796272
1.0110189338
1.0007771052
0.9951064882
0.9931101995
0.9949618296
1.0036992088
0.9885968513
1.0024840766
0.9951064882
0.9882786024
1.0003141977
0.9968134596
1.0044803653
0.9974788892
0.9951354199
0.9986072262
0.9954536688
1.0114239779
1.0068816980
0.9977392746
1.0028312572
1.0011532175
0.9963216204
1.0010085589
1.0036702771
0.9993305192
1.0109321387
0.9986072262
1.0109321387
0.9986072262
1.0034677551
0.9989544069
0.9950775565
0.9959165763
0.9969002548
1.0093119624
0.9931101995
1.0045382287
1.0028891207
0.9983179090
0.9942964000
1.0055219072
0.9960323032
1.0019054422
0.9999959487
0.9902459593
1.0005745831
0.9993305192
1.0020501008
0.9964662790
1.0056954975
1.0170367315
1.0005456514
0.9898987787
0.9904774131
0.9992726558
1.0000538122
0.9959165763
1.0064766539
0.9960612349
0.9950196930
0.9995041095
1.0018765105
1.0083572157
1.0036702771
1.0109610704
0.9906799351
1.0043067749
1.0051457948
1.0017607836
0.9868609481
0.9925604969
1.0021079643
0.9995330412
0.9990122703
1.0009506955
1.0031495062
0.9950486247
0.9958008494
0.9966977327
1.0087333280
1.0046828873
1.0065345173
1.0083572157
1.0039306626
0.9895226663
0.9962058935
1.0034966868
1.0037860040
0.9956851226
0.9910271157
0.9975656843
1.0033809599
1.0025419401
1.0081257619
1.0052615217
1.0008060369
1.0065055856
1.0017607836
1.0042778432
1.0056954975
0.9977971381
1.0052615217
0.9982600456
1.0024840766
0.9998223584
0.9901880959
0.9972474354
0.9972474354
1.0051168631
1.0044514335
1.0021658277
1.0020790325
1.0039306626
0.9979707284
1.0129573590
1.0053483168
1.0076628544
1.0052904534
0.9993883826
0.9793676328
0.9907088668
0.9924737017
0.9989254751
0.9948461027
0.9927919506
1.0001984708
1.0015871933
0.9874685143
0.9985204311
1.0102088457
1.0076339227
1.0068238345
0.9876999680
0.9956851226
1.0091094404
0.9960323032
1.0003141977
0.9968713231
0.9989254751
0.9965820059
0.9965530741
1.0019633057
0.9992726558
1.0038727991
1.0036124137
0.9989833386
0.9986940214
1.0071420834
0.9881628755
1.0083861474
0.9996776998
0.9975656843
0.9929655409
1.0038149357
0.9988965434
1.0180204099
1.0057244292
1.0052904534
1.0011821492
1.0038438674
0.9981732504
1.0006035149
0.9940649463
1.0012689444
0.9924447700
1.0075760592
1.0025130083
0.9944699903
1.0005456514
0.9998802219
1.0068527662
0.9964662790
0.9947303758
0.9908245937
0.9944410586
0.9950196930
1.0006035149
1.0082993522
1.0017029202
1.0134781300
0.9937466974
0.9966398693
1.0086176011
0.9961480301
0.9998512902
0.9983179090
0.9975078209
1.0001695391
0.9905642082
0.9962637569
1.0128994956
0.9951354199
0.9980864553
0.9990122703
0.9975078209
1.0058112243
0.9977682064
1.0010374906
1.0089358500
0.9991858606
1.0078943081
0.9978550015
0.9898698470
0.9906510034
0.9973052988
1.0025419401
0.9999380853
1.0005745831
0.9983757725
1.0015293299
0.9826369171
1.0065055856
0.9987518848
0.9942096049
0.9996487681
0.9956561908
0.9905931399
1.0042199798
0.9907088668
1.0074314006
0.9951932833
1.0042199798
0.9935152436
1.0028891207
0.9997934267
0.9915478867
1.0020211691
0.9962348252
0.9960323032
0.9909113889
0.9924158383
1.0125523150
1.0073446055
1.0045960921
0.9988676117
0.9948461027
0.9983757725
0.9917793404
0.9947593075
0.9957429860
1.0050011362
1.0013846713
1.0172392535
0.9949039661
0.9933995167
1.0005167197
0.9935731070
0.9993015875
0.9985782945
1.0039017309
0.9978839332
1.0031784379
1.0001984708
1.0005745831
1.0012689444
0.9983468407
0.9986650897
1.0001406073
1.0057822926
1.0017029202
1.0013846713
0.9912585695
0.9937756291
0.9993883826
0.9943253317
0.9927630189
0.9978550015
0.9991569289
0.9941806732
0.9994751778
0.9972185037
0.9972474354
1.0022236911
0.9993883826
0.9984047042
1.0044225018
1.0084150791
0.9979417967
0.9990990654
1.0037860040
1.0024840766
0.9927051555
1.0002563342
1.0088490549
1.0012400127
0.9972474354
0.9933995167
0.9937177656
0.9971606402
1.0047986142
1.0012978761
0.9929655409
1.0017029202
1.0036702771
0.9941806732
1.0023394180
0.9982311139
0.9987518848
1.0033520282
1.0001406073
1.0010374906
0.9962926887
1.0027444621
1.0061584050
0.9962926887
1.0094566210
0.9909692523
0.9971606402
1.0022236911
1.0021947594
1.0039306626
0.9918372039
1.0052036582
0.9949907613
0.9993305192
0.9864269724
0.9990412020
0.9990990654
0.9963505521
1.0036413454
0.9958297812
1.0048854093
1.0032363013
1.0025130083
0.9961190984
0.9888861685
1.0000248805
1.0037281405
0.9948171710
1.0012978761
1.0050011362
0.9862244503
1.0056376340
1.0054929754
0.9976814112
0.9978260698
1.0035834820
0.9949328979
0.9970159817
1.0033230965
1.0073446055
1.0066213125
0.9965530741
0.9910560475
1.0088779866
1.0039595943
1.0132756079
1.0005167197
1.0017607836
1.0000827439
0.9999959487
1.0061873367
1.0023683497
0.9907377985
0.9929655409
0.9969581182
0.9861376552
1.0010085589
1.0088779866
0.9941806732
0.9948750344
0.9950775565
0.9955693957
1.0043357067
0.9925894286
0.9953090102
0.9974788892
1.0077496495
0.9946146489
1.0031495062
0.9995909047
0.9990122703
1.0019343739
0.9968423913
1.0017897154
0.9989833386
1.0065634490
0.9989544069
0.9966398693
0.9980575236
0.9940649463
1.0014425347
0.9982311139
0.9966977327
1.0022236911
0.9918082722
1.0032363013
0.9958876446
0.9934863119
1.0015871933
1.0051747265
0.9984336359
1.0001406073
1.0067659711
1.0030916427
0.9967555962
0.9982889773
0.9945857172
1.0041910481
1.0032363013
1.0110189338
1.0033809599
1.0099773919
1.0005745831
0.9988965434
1.0042778432
1.0020790325
0.9883075341
0.9958587129
0.9939492194
1.0006324466
0.9983468407
0.9938624242
0.9983179090
1.0027444621
1.0040753212
1.0047407507
0.9972474354
0.9931680630
0.9900723690
0.9954247371
0.9941517414
1.0047696824
0.9947882393
0.9955404640
1.0020501008
1.0000827439
1.0067659711
0.9932837899
1.0015871933
1.0045671604
0.9997644950
1.0054929754
1.0021368960
0.9968423913
1.0083861474
1.0044803653
1.0036702771
1.0054929754
1.0041042529
0.9991569289
1.0077207178
0.9992147923
1.0056376340
1.0124365881
0.9925894286
1.0004588563
1.0067949028
1.0053193851
1.0058401561
0.9916346818
1.0046539556
1.0005745831
1.0107296166
0.9983179090
1.0022815546
0.9967266645
1.0010085589
0.9998802219
1.0034677551
0.9919818625
0.9884811244
1.0026865987
0.9975656843
0.9962348252
0.9948171710
1.0020790325
0.9914610915
0.9994751778
0.9879603535
0.9973631623
1.0044514335
1.0120026123
0.9974499574
1.0023683497
1.0023104863
1.0071999469
0.9952222151
1.0109032070
0.9984625676
0.9927340872
0.9997355633
1.0036702771
1.0087043963
1.0044803653
0.9978260698
0.9978260698
0.9959744398
1.0057533609
1.0014714664
0.9996776998
0.9933995167
0.9989544069
1.0057244292
0.9969581182
0.9989544069
1.0067370394
1.0009796272
1.0003141977
0.9923869066
0.9984625676
0.9967555962
1.0102088457
0.9964662790
1.0004588563
1.0088490549
1.0058112243
1.0046828873
1.0020211691
0.9973052988
1.0011821492
0.9991569289
1.0030337793
1.0071420834
1.0018475788
1.0006035149
1.0005167197
0.9925894286
0.9944410586
1.0035834820
0.9928787458
1.0117132951
0.9994751778
1.0028023255
1.0025419401
1.0006903100
0.9995909047
1.0008060369
1.0084729425
1.0054061803
1.0068238345
1.0055219072
1.0021368960
1.0011242858
1.0044514335
0.9989544069
1.0030916427
0.9956851226
0.9947303758
0.9933705850
0.9932259264
1.0012689444
0.9990990654
0.9968713231
0.9981153870
1.0065923808
1.0041331846
1.0006324466
0.9989544069
0.9993594509
1.0076049909
1.0063898587
0.9990990654
0.9983468407
0.9994751778
1.0082704205
0.9979707284
0.9921843845
0.9970159817
1.0057533609
0.9943831952
1.0031784379
1.0077207178
0.9917793404
0.9958587129
0.9961769618
1.0079811033
1.0076917861
0.9993883826
0.9994462461
0.9951064882
0.9984336359
1.0053483168
1.0029469841
0.9921843845
1.0010374906
0.9994462461
0.9871791971
1.0026576669
0.9955115322
1.0010664224
1.0060137464
1.0064477222
1.0028312572
0.9979128650
0.9941806732
1.0003141977
0.9940360146
0.9958008494
0.9963794838
0.9984625676
1.0005167197
1.0028601890
0.9975367526
1.0028312572
0.9967266645
1.0016450568
1.0021368960
1.0097459382
1.0028023255
0.9998512902
0.9986650897
0.9982889773
1.0058112243
1.0011821492
0.9893780077
1.0025419401
0.9969291865
1.0059558829
1.0046250239
0.9974788892
1.0002852659
0.9900145056
0.9972763671
1.0000248805
0.9988965434
0.9942674683
1.0004009928
0.9902748910
0.9995619730
1.0017607836
0.9993594509
0.9968713231
0.9899855738
0.9945857172
0.9948750344
1.0021079643
0.9907377985
0.9972763671
1.0015871933
1.0003141977
0.9974499574
1.0063319953
0.9868898799
0.9983468407
1.0047407507
0.9953090102
1.0041621163
0.9974210257
0.9995330412
0.9954826005
0.9954247371
1.0029180524
1.0023394180
1.0036413454
0.9909403206
0.9885389879
0.9961480301
1.0056665657
1.0063898587
1.0083861474
0.9953090102
0.9984336359
0.9973342306
1.0003720611
1.0074892641
1.0018186471
0.9979128650
0.9976524795
0.9979707284
0.9909113889
0.9900723690
1.0096302113
1.0061005415
0.9930812678
1.0015003982
1.0093698258
0.9922711797
0.9927340872
1.0035834820
0.9988965434
0.9938045608
1.0122629978
0.9872081288
1.0015293299
0.9961480301
1.0018765105
0.9938334925
1.0025130083
0.9963505521
1.0028601890
0.9979996601
0.9988097483
0.9974788892
1.0032073696
0.9968713231
0.9964952107
1.0060137464
1.0028023255
0.9969002548
0.9942674683
0.9969581182
1.0124655198
0.9957719177
1.0012400127
0.9955693957
0.9974210257
1.0091094404
0.9943542635
1.0033809599
0.9999959487
0.9997066316
0.9989544069
0.9936309705
1.0009796272
1.0028023255
0.9960033715
0.9976524795
1.0052325900
0.9994751778
1.0063609270
0.9989254751
1.0076917861
1.0018475788
0.9959744398
1.0014136030
0.9944410586
1.0079811033
1.0047696824
1.0030048476
1.0073446055
1.0102377774
1.0020790325
0.9966977327
1.0079521716
0.9984047042
1.0036124137
1.0039595943
1.0004009928
0.9993594509
1.0016450568
1.0039885260
0.9972474354
0.9979128650
0.9946435807
0.9981443187
0.9956272591
0.9857904745
0.9999091536
1.0006324466
1.0056665657
0.9954536688
0.9995619730
1.0080678985
1.0039885260
1.0109032070
0.9985782945
1.0030627110
0.9883943293
1.0014714664
1.0022526229
1.0087333280
1.0069395614
0.9981443187
1.0029180524
1.0039885260
1.0050300679
1.0034388234
1.0108453435
0.9978839332
1.0025998035
1.0015003982
0.9940938780
1.0006324466
1.0020790325
0.9949328979
1.0035834820
0.9913164329
1.0047986142
1.0065345173
1.0029759158
0.9958008494
1.0065055856
1.0004877880
0.9988386800
0.9965530741
0.9997066316
0.9978550015
1.0099195285
1.0071420834
1.0019054422
0.9984047042
0.9995330412
1.0045671604
1.0094566210
0.9984047042
1.0008349686
0.9951643516
0.9984047042
1.0057244292
1.0052615217
1.0099195285
1.0015293299
1.0012400127
1.0004588563
1.0016161250
0.9977682064
0.9968423913
0.9949907613
0.9962058935
0.9971606402
0.9946146489
1.0056087023
1.0078943081
1.0012400127
0.9960612349
1.0059848147
1.0004009928
0.9961769618
1.0019633057
0.9893490760
1.0096302113
1.0003141977
1.0010953541
0.9972474354
1.0047986142
1.0029759158
1.0036413454
1.0002563342
1.0028023255
0.9822897365
0.9967266645
1.0040174577
1.0001984708
1.0063609270
1.0071420834
0.9969291865
1.0034677551
0.9932259264
0.9989254751
0.9980285918
1.0089358500
1.0066791759
0.9969291865
0.9943542635
1.0081546936
0.9961190984
1.0078943081
1.0030627110
0.9971895720
1.0065055856
0.9925604969
1.0041331846
0.9937177656
1.0017029202
0.9951643516
1.0132756079
0.9986361579
1.0084150791
1.0073156738
1.0070552883
1.0020501008
0.9954247371
1.0000538122
0.9996487681
0.9910271157
1.0088779866
0.9969870499
0.9966398693
0.9925026334
1.0020211691
0.9914900233
0.9925894286
0.9929366092
0.9992147923
1.0083861474
1.0078653764
1.0078075130
0.9885389879
1.0066791759
1.0033520282
1.0088779866
1.0019633057
0.9910271157
1.0036124137
0.9968713231
1.0022236911
0.9933416533
1.0028023255
1.0023394180
0.9877867632
1.0139121058
1.0005167197
0.9961480301
1.0048275459
1.0045671604
0.9986940214
1.0038727991
1.0077496495
1.0054351120
1.0049722045
1.0080678985
0.9947882393
1.0039885260
0.9998223584
1.0005745831
